
strategic_region={
	id=1
	name="STRATEGICREGION_1"
	provinces={
		19 20 43 52 55 56 84 91 123 163 173 189 242 287 300 314 464 577 684 691 796 983 1022 1078 1081 1091 1141 1190 1226 1236 1250 1310 1316 1324 1327 1349 1378 1403 1426 1477 1524 1635 1666 1706 1708 1755 1803 1804 1823 1831 1850 1873 1914 2006 2040 2055 2224 2241 2245 2304 2310 2331 2351 2367 2403 2411 2423 2466 2493 2496 2504 2542 2551 2554 2567 2639 2684 2741 2823 2829 2893 2950 3087 3089 3104 3105 3163 3248 3280 3310 3331 3361 3389 3391 3427 3478 3491 3531 3576 3586 3589 3644 3645 3691 3695 3699 3712 3767 3769 3836 3882 3885 3915 3940 4044 4066 4110 4127 4160 4164 4178 4185 4253 4281 4311 4320 4353 4403 4420 4441 4583 4634 4657 4749 4753 4776 4789 4807 4840 4841 4862 4948 4980 5017 5022 5118 5132 5135 5160 5169 5202 5257 5283 5311 5328 5360 5365 5385 5442 5461 5467 5514 5547 5568 5574 5609 5610 5742 5821 5845 5884 5953 5967 6018 6020 6029 6124 6214 6232 6313 6318 6330 6350 6375 6390 6411 6422 6425 6426 6459 6486 6556 6619 6629 6648 6681 6698 6706 6724 6761 6763 6830 6833 6836 6922 6981 7012 7047 7073 7092 7125 7239 7251 7376 7381 7405 7422 7424 7489 7506 7533 7538 7576 7601 7608 7621 7623 7652 7675 7681 7697 7707 7720 7762 7871 7943 7944 8006 8073 8095 8189 8290 8292 8330 8334 8396 8546 8597 8600 8649 8697 8820 8862 8882 8992 9030 9081 9115 9198 9201 9217 9242 9255 9272 9300 9306 9371 9387 9390 9477 9556 9577 9657 9738 9766 9770 10165 10174 10199 10204 10244 10265 10300 10315 10350 10351 10362 10379 10389 10392 10398 10413 10416 10418 10429 10444 10448 10452 10453 10478 10510 10520 10523 10529 10531 10535 10550 10552 10570 10575 10579 10600 10602 10619 10620 10625 10637 10661 10665 10679 10684 10691 10697 10700 10718 10723 10739 10747 10750 10755 10756 10769 10775 10776 10778 10796 10802 10804 10809 10812 10813 10816 10820 10821 10829 10830 10832 10833 10837 10839 10840 10850 10851 10857 10858 10859 10868 10870 10872 10878 10879 10883 10892 10897 10902 10907 10917 10922 10927 10929 10935 10940 10942 10945 10946 10951 10955 10956 10969 10971 10974 10976 10977 10980 10985 10988 10992 10996 11000 11001 11003 11004 11005 11020 11026 11027 11037 11040 11043 11044 11048 11053 11056 11063 11064 11070 11073 11082 11085 11095 11100 11111 11113 11114 11117 11121 11126 11132 11137 11141 11142 11148 11155 11159 11160 11164 11170 11172 11176 11177 11179 11183 11187 11196 11197 11199 11218 11224 11228 11261 11285 11346 11377 
	}
	weather={
		period={
			between={ 0.0 30.0 }
			temperature={ -5.0 7.0 }
			no_phenomenon=0.500
			rain_light=1.000
			rain_heavy=0.150
			snow=0.200
			blizzard=0.000
			arctic_water=0.000
			mud=0.300
			sandstorm=0.000
			min_snow_level=0.000
		}
		period={
			between={ 0.1 27.1 }
			temperature={ 0.0 7.0 }
			no_phenomenon=0.500
			rain_light=1.000
			rain_heavy=0.150
			snow=0.200
			blizzard=0.050
			arctic_water=0.000
			mud=0.300
			sandstorm=0.000
			min_snow_level=0.000
		}
		period={
			between={ 0.2 30.2 }
			temperature={ 3.0 6.0 }
			no_phenomenon=0.500
			rain_light=1.000
			rain_heavy=0.150
			snow=0.150
			blizzard=0.000
			arctic_water=0.000
			mud=0.300
			sandstorm=0.000
			min_snow_level=0.000
		}
		period={
			between={ 0.3 29.3 }
			temperature={ 0.0 12.0 }
			no_phenomenon=0.500
			rain_light=1.000
			rain_heavy=0.150
			snow=0.000
			blizzard=0.000
			arctic_water=0.000
			mud=0.300
			sandstorm=0.000
			min_snow_level=0.000
		}
		period={
			between={ 0.4 30.4 }
			temperature={ 8.0 17.0 }
			no_phenomenon=0.500
			rain_light=1.000
			rain_heavy=0.150
			snow=0.000
			blizzard=0.000
			arctic_water=0.000
			mud=0.300
			sandstorm=0.000
			min_snow_level=0.000
		}
		period={
			between={ 0.5 29.5 }
			temperature={ 11.0 20.0 }
			no_phenomenon=0.500
			rain_light=1.000
			rain_heavy=0.150
			snow=0.000
			blizzard=0.000
			arctic_water=0.000
			mud=0.300
			sandstorm=0.000
			min_snow_level=0.000
		}
		period={
			between={ 0.6 30.6 }
			temperature={ 12.0 22.0 }
			no_phenomenon=0.500
			rain_light=1.000
			rain_heavy=0.150
			snow=0.000
			blizzard=0.000
			arctic_water=0.000
			mud=0.300
			sandstorm=0.000
			min_snow_level=0.000
		}
		period={
			between={ 0.7 30.7 }
			temperature={ 12.0 21.0 }
			no_phenomenon=0.500
			rain_light=1.000
			rain_heavy=0.150
			snow=0.000
			blizzard=0.000
			arctic_water=0.000
			mud=0.300
			sandstorm=0.000
			min_snow_level=0.000
		}
		period={
			between={ 0.8 29.8 }
			temperature={ 9.0 18.0 }
			no_phenomenon=0.500
			rain_light=1.000
			rain_heavy=0.150
			snow=0.000
			blizzard=0.000
			arctic_water=0.000
			mud=0.300
			sandstorm=0.000
			min_snow_level=0.000
		}
		period={
			between={ 0.9 30.9 }
			temperature={ 2.0 12.0 }
			no_phenomenon=0.500
			rain_light=1.000
			rain_heavy=0.150
			snow=0.050
			blizzard=0.000
			arctic_water=0.000
			mud=0.300
			sandstorm=0.000
			min_snow_level=0.000
		}
		period={
			between={ 0.10 29.10 }
			temperature={ 0.0 8.0 }
			no_phenomenon=0.500
			rain_light=1.000
			rain_heavy=0.150
			snow=0.210
			blizzard=0.000
			arctic_water=0.000
			mud=0.300
			sandstorm=0.000
			min_snow_level=0.000
		}
		period={
			between={ 0.11 30.11 }
			temperature={ -3.0 5.0 }
			no_phenomenon=0.500
			rain_light=1.000
			rain_heavy=0.150
			snow=0.200
			blizzard=0.000
			arctic_water=0.000
			mud=0.300
			sandstorm=0.000
			min_snow_level=0.000
		}
		period={
			between={ 4.11 21.11 }
			temperature={ -10.0 35.0 }
			no_phenomenon=1.500
			rain_light=0.250
			rain_heavy=0.100
			snow=0.000
			blizzard=0.000
			arctic_water=0.000
			mud=0.000
			sandstorm=0.000
			min_snow_level=0.000
		}
	}
}
