
strategic_region={
	id=10
	name="STRATEGICREGION_10"
	provinces={
		3 4 102 149 171 179 251 288 296 304 319 321 340 422 470 481 511 580 584 641 645 653 675 689 713 727 756 792 833 856 863 867 909 948 1006 1042 1047 1110 1132 1179 1189 1211 1231 1234 1241 1281 1331 1338 1344 1362 1380 1389 1400 1461 1472 1484 1487 1498 1529 1530 1577 1580 1584 1604 1605 1619 1638 1643 1679 1700 1766 1780 1808 1849 1864 1933 1936 1938 1982 1985 1988 2007 2049 2057 2089 2104 2111 2187 2197 2254 2277 2284 2285 2292 2314 2365 2378 2391 2420 2434 2465 2467 2477 2479 2482 2489 2492 2497 2509 2519 2525 2532 2566 2595 2646 2672 2701 2707 2724 2730 2749 2790 2795 2844 2866 2918 2925 2944 2949 3018 3044 3116 3136 3152 3158 3178 3179 3181 3182 3196 3210 3222 3226 3229 3240 3262 3275 3325 3345 3367 3448 3479 3514 3549 3569 3578 3582 3597 3615 3624 3646 3651 3655 3662 3686 3687 3702 3735 3757 3766 3786 3805 3827 3846 3864 3871 3892 3903 3925 3930 3960 3975 3976 3982 4029 4047 4075 4108 4122 4130 4152 4159 4186 4208 4228 4239 4267 4272 4292 4310 4324 4337 4426 4521 4565 4566 4577 4599 4661 4715 4728 4746 4811 4833 4847 4877 4896 4908 4933 4942 5020 5049 5057 5062 5076 5097 5120 5124 5129 5131 5145 5152 5177 5186 5211 5212 5216 5221 5250 5329 5406 5428 5456 5458 5475 5518 5530 5580 5591 5599 5603 5618 5640 5663 5687 5701 5800 5801 5804 5825 5863 5874 5876 5921 5922 5979 6021 6098 6106 6112 6114 6121 6127 6159 6189 6194 6207 6218 6281 6282 6295 6308 6322 6327 6344 6354 6361 6405 6414 6466 6468 6484 6494 6544 6548 6567 6583 6605 6623 6644 6665 6693 6694 6703 6812 6853 6966 6979 7001 7005 7013 7018 7046 7072 7108 7118 7139 7142 7145 7146 7164 7170 7209 7222 7244 7245 7247 7252 7331 7348 7349 7363 7399 7451 7484 7503 7540 7574 7583 7588 7591 7592 7648 7670 7688 7689 7693 7723 7755 7791 7888 7896 7910 7913 7915 7918 7931 7969 7972 7981 7996 8004 8010 8025 8029 8043 8048 8054 8069 8081 8132 8133 8152 8154 8173 8195 8209 8261 8266 8267 8280 8309 8341 8362 8388 8431 8434 8469 8476 8482 8505 8565 8572 8604 8612 8616 8632 8639 8643 8644 8659 8675 8689 8702 8723 8795 8822 8854 8924 8950 8994 8996 8997 9047 9059 9073 9078 9087 9100 9106 9153 9161 9162 9163 9172 9220 9235 9236 9241 9244 9245 9274 9322 9357 9379 9429 9439 9449 9506 9512 9536 9557 9564 9576 9624 9629 9645 9656 9665 9672 9685 9699 9701 9709 9734 9739 9740 9744 9750 9764 9768 9778 9780 11548 11565 11582 11583 11585 11586 11609 11616 11625 11627 11631 11644 11649 11656 11662 11669 11674 11679 11680 11687 11700 11728 11734 11742 11744 11746 11753 11761 11762 11766 11775 11776 11783 11787 11788 11795 11796 11800 11802 11825 11829 11831 11832 11844 11849 11857 11861 11863 11873 11875 11877 11878 11880 11882 11883 11887 11889 11893 11894 11895 11896 11898 11906 11912 11913 11915 11918 11919 11922 11923 11928 11929 11933 11938 11942 11943 11947 11948 11954 11956 11957 11959 11960 11961 11962 11963 11965 11969 11975 11976 11978 11979 11984 11985 11987 11990 11993 11996 11997 12000 12001 12012 12015 12018 12019 12021 12023 12026 12033 12034 12036 12037 12042 12045 12054 12058 12060 12061 12066 12067 12070 12076 12086 12087 12088 12090 12094 12095 12098 12099 12100 12103 12105 12111 12112 12114 12115 12118 12123 12124 12131 12134 12137 12141 12145 12150 12155 12159 12162 12167 12169 12180 12181 12184 12188 12190 12192 12193 12194 12200 12201 12202 12207 12208 12210 12213 12214 12215 12216 12219 12226 12231 12232 12233 12235 12236 12237 12244 12247 12248 12249 12258 12268 12270 12271 12274 12277 12282 12286 12300 12302 12310 12314 12321 12322 12327 12328 12329 12331 12342 12344 12345 12353 12356 12358 12359 12366 12380 12384 12388 12394 12400 12401 12407 12408 12410 12412 12419 12422 12429 12436 12451 12452 12457 12463 12464 12469 12470 12479 12480 12481 12484 12491 12496 12497 12502 12507 12509 12510 12511 12519 12530 12532 12533 12534 12535 12547 12548 12552 12557 12558 12559 12571 12576 12579 12581 12583 12586 12588 12591 12594 12598 12599 12601 12606 12608 12613 12614 12621 12626 12629 12646 15612 15684 15702 16155 16253 16399 16591 16689 16728 16811 16899 16924 16996 17033 17165 17364 17370 17408 17445 17451 17463 17709 17710 
	}
	weather={
	}
}
