
strategic_region={
	id=12
	name="STRATEGICREGION_12"
	provinces={
		15 31 34 58 59 96 147 156 172 174 201 222 240 277 346 383 544 558 568 581 618 628 637 664 718 730 793 851 884 947 950 999 1050 1052 1125 1161 1263 1267 1300 1401 1456 1460 1576 1683 1723 1858 1861 1899 1910 1966 2003 2011 2053 2090 2206 2313 2349 2376 2390 2486 2506 2507 2533 2573 2574 2577 2589 2689 2704 2757 2867 2970 3030 3032 3042 3046 3048 3070 3148 3207 3230 3347 3401 3418 3484 3548 3591 3606 3737 3752 3821 3867 3875 3877 3893 3909 3956 4007 4040 4080 4119 4172 4176 4180 4203 4207 4217 4300 4318 4341 4352 4359 4373 4385 4415 4442 4490 4493 4501 4507 4546 4560 4603 4636 4751 4752 4756 4762 4772 4775 4818 4854 4916 4953 4956 4963 4968 4969 4987 5024 5065 5068 5070 5083 5104 5113 5114 5123 5163 5172 5275 5292 5319 5349 5389 5402 5454 5462 5469 5478 5483 5486 5494 5533 5543 5626 5631 5680 5683 5696 5699 5761 5768 5846 5855 5975 5995 5998 6014 6016 6128 6147 6183 6208 6224 6226 6227 6266 6272 6325 6334 6353 6371 6439 6461 6524 6578 6594 6708 6750 6770 6788 6885 6913 6914 6983 7014 7035 7063 7074 7079 7112 7165 7204 7226 7265 7272 7401 7427 7442 7460 7479 7521 7590 7658 7795 7806 7814 7831 7841 7845 7906 7907 7917 7919 7951 7982 8005 8063 8100 8117 8127 8137 8139 8200 8204 8223 8247 8253 8265 8274 8287 8404 8465 8471 8499 8569 8627 8631 8638 8661 8665 8673 8732 8763 8767 8788 8791 8890 8931 8961 8975 8985 9001 9041 9065 9116 9124 9134 9195 9224 9271 9286 9318 9404 9408 9533 9542 9631 9702 9748 9757 11843 11886 11907 11909 11920 11931 11935 11936 11944 11958 11964 11973 11977 11981 11988 11995 12003 12005 12008 12009 12017 12035 12039 12049 12050 12051 12064 12068 12069 12071 12073 12083 12092 12093 12096 12102 12104 12109 12113 12117 12119 12120 12122 12126 12129 12132 12133 12136 12138 12144 12146 12147 12149 12151 12152 12153 12154 12158 12164 12166 12170 12171 12172 12173 12178 12182 12183 12186 12195 12196 12204 12205 12217 12224 12225 12227 12228 12230 12234 12240 12242 12243 12245 12246 12251 12256 12257 12261 12262 12263 12264 12265 12272 12276 12279 12280 12283 12284 12291 12292 12293 12294 12298 12299 12301 12304 12305 12306 12307 12308 12312 12313 12316 12319 12320 12323 12326 12332 12333 12337 12338 12339 12340 12341 12343 12348 12349 12350 12355 12357 12361 12362 12363 12364 12367 12368 12369 12370 12372 12373 12374 12375 12378 12379 12381 12382 12386 12387 12389 12391 12395 12396 12397 12398 12402 12404 12405 12406 12409 12415 12416 12418 12420 12421 12424 12425 12428 12430 12431 12433 12434 12437 12440 12442 12443 12444 12446 12448 12449 12450 12453 12458 12460 12461 12465 12466 12473 12474 12475 12476 12478 12482 12483 12490 12498 12504 12508 12514 12517 12518 12521 12526 12528 12537 12538 12543 12566 15765 16429 16444 16482 16636 16712 16858 16894 16918 16925 17012 17085 17234 17309 17411 17466 17647 17692 17711 
	}
	weather={
	}
}
