
strategic_region={
	id=13
	name="STRATEGICREGION_13"
	provinces={
		44 78 79 115 158 165 206 259 324 329 344 363 380 384 444 507 515 551 574 585 659 665 751 758 808 812 813 815 829 864 881 894 902 935 960 996 1055 1066 1082 1090 1105 1119 1124 1212 1347 1350 1355 1377 1427 1436 1448 1509 1574 1592 1614 1661 1667 1754 1829 1878 2014 2051 2132 2186 2223 2249 2315 2328 2380 2419 2449 2473 2527 2528 2572 2581 2613 2718 2850 2860 2885 2889 2892 2997 3004 3084 3096 3147 3154 3289 3355 3364 3404 3412 3465 3536 3555 3593 3610 3612 3621 3680 3744 3798 3807 3813 3852 4001 4004 4026 4092 4107 4109 4142 4216 4256 4376 4379 4413 4414 4458 4492 4525 4570 4637 4640 4653 4673 4679 4709 4735 4763 4837 4880 4884 4907 4928 4947 4951 4992 5025 5069 5179 5182 5246 5322 5379 5381 5460 5476 5562 5621 5707 5728 5736 5739 5767 5769 5803 5842 5847 5941 6022 6144 6230 6262 6290 6292 6309 6368 6384 6433 6445 6464 6531 6564 6581 6584 6676 6677 6678 6689 6719 6721 6742 6805 6816 6819 6823 6834 6859 6861 6956 6992 6993 7009 7031 7033 7034 7051 7115 7129 7161 7218 7234 7269 7299 7313 7355 7364 7388 7410 7433 7453 7458 7504 7536 7715 7767 7771 7815 7893 7905 7955 7960 7995 8011 8050 8116 8198 8324 8353 8385 8386 8401 8405 8425 8432 8435 8449 8458 8533 8544 8581 8586 8590 8607 8699 8733 8789 8793 8837 8845 8873 8883 8919 8973 8988 9071 9132 9207 9218 9227 9333 9361 9397 9407 9464 9486 9490 9494 9517 9570 9593 9601 9653 9671 9706 9716 9737 12602 12604 12610 12615 12630 12635 12638 12639 12642 12649 12650 12655 12662 12666 12673 12677 12683 12686 12690 12691 12694 12696 12701 12713 12714 12716 12718 12721 12729 12732 12734 12739 12742 12744 12746 12747 12752 12753 12755 12760 12765 12767 12775 12776 12780 12785 12788 12789 12793 12796 12802 12803 12806 12807 12809 12811 12813 12817 12819 12826 12828 12829 12830 12837 12838 12847 12848 12852 12854 12855 12858 12860 12862 12866 12867 12868 12873 12876 12879 12880 12881 12884 12886 12887 12888 12889 12894 12897 12899 12900 12901 12905 12908 12912 12915 12919 12920 12924 12925 12927 12929 12930 12931 12941 12943 12945 12949 12954 12956 12958 12960 12961 12962 12964 12970 12971 12972 12973 12974 12976 12979 12980 12990 12991 12993 12997 12998 12999 13003 13004 13010 13011 13015 13017 13021 13022 13023 13024 13027 13030 13031 13034 13041 13043 13045 13046 13047 13049 13051 13057 13059 13061 13067 13069 13075 13080 13081 13084 13088 13091 13099 13102 15786 16144 16189 16272 16410 16662 16709 16983 17067 17470 
	}
	weather={
	}
}
