
strategic_region={
	id=15
	name="STRATEGICREGION_15"
	provinces={
		9 21 180 193 311 330 367 377 399 434 452 563 571 671 694 742 790 850 870 893 945 1009 1024 1101 1199 1224 1253 1581 1601 1606 1676 1747 1796 1802 1870 1893 1920 1952 2069 2141 2158 2250 2265 2296 2300 2309 2499 2560 2585 2594 2648 2650 2665 2669 2700 2706 2713 2722 2851 2881 2941 2975 2982 3021 3045 3063 3160 3266 3328 3406 3443 3462 3529 3543 3608 3649 3739 3741 3761 3780 3873 3883 3888 3889 3978 3989 4017 4093 4097 4140 4149 4200 4232 4294 4395 4431 4457 4534 4547 4548 4556 4591 4620 4629 4645 4689 4721 4726 4761 4806 4809 4812 5015 5082 5094 5117 5178 5184 5198 5205 5209 5295 5296 5371 5384 5421 5434 5451 5538 5548 5560 5570 5573 5648 5658 5714 5748 5750 5796 5838 5849 5883 5889 5898 5933 5939 5947 6007 6008 6015 6045 6068 6082 6100 6139 6200 6202 6240 6312 6329 6359 6444 6458 6482 6497 6520 6614 6628 6636 6638 6692 6716 6718 6764 6796 6857 6868 6872 6889 6905 6927 6967 6974 7008 7159 7201 7248 7261 7262 7273 7294 7297 7389 7392 7481 7537 7575 7594 7607 7620 7624 7655 7701 7716 7750 7751 7775 7812 7835 7877 7891 7937 8012 8038 8072 8115 8205 8211 8225 8229 8337 8369 8373 8460 8518 8618 8645 8741 8747 8777 8824 8833 8840 8875 8906 8970 8998 9024 9051 9064 9138 9156 9194 9222 9233 9264 9293 9305 9420 9437 9450 9460 9509 9538 9595 9626 9663 9675 9711 9720 9752 9756 12877 12892 12896 12902 12903 12910 12916 12928 12936 12944 12946 12947 12950 12951 12952 12963 12975 12977 12981 12986 12989 12994 12995 13006 13007 13014 13016 13018 13025 13029 13032 13037 13038 13039 13040 13048 13052 13053 13054 13063 13064 13066 13070 13077 13078 13090 13092 13095 13096 13100 13105 13106 13107 13109 13112 13114 13122 13125 13127 13129 13131 13132 13134 13136 13140 13141 13144 13146 13148 13150 13153 13154 13157 13158 13160 13162 13164 13166 13169 13171 13177 13178 13179 13180 13181 13182 13183 13184 13189 13190 13191 13192 13194 13195 13197 13198 13199 13200 13203 13204 13205 13206 13208 13209 13210 13211 13212 13213 13214 13217 13218 13225 13226 13227 13230 13232 13236 13239 13244 13248 13252 13253 13254 13255 13256 13257 13259 13260 13263 13264 13265 13267 13268 13269 13270 13272 13275 13277 13278 13280 13281 13283 13284 13286 13289 13291 13292 13293 13295 13297 13298 13299 13302 13303 13304 13305 13306 13309 13311 13314 13315 13316 13319 13321 13323 13324 13325 13329 13333 13334 13335 13336 13338 13340 13342 13347 13351 13352 13354 13356 13357 13358 13362 13365 13367 13368 13369 13371 13372 13373 13374 13384 13385 13388 13390 13391 13396 13400 13402 13406 13408 13416 13423 13467 15522 15639 15651 15660 15804 15904 15989 16002 16178 16233 16350 16430 16446 16521 16535 16556 16609 16657 16721 16751 16753 16769 16865 16889 17021 17034 17068 17216 17220 17274 17330 17348 17361 17387 17493 17498 17500 17501 17509 17657 17714 17716 17757 13574
	}
	weather={
	}
}
