
strategic_region={
	id=16
	name="STRATEGICREGION_16"
	provinces={
		5 18 29 73 76 77 90 116 162 197 199 202 204 212 214 228 256 282 323 336 375 412 413 417 424 463 468 509 519 538 540 559 625 627 692 714 724 768 782 783 785 789 818 835 849 872 901 906 913 936 959 980 1001 1038 1099 1149 1169 1209 1214 1222 1326 1381 1407 1423 1429 1441 1442 1452 1466 1506 1520 1528 1572 1587 1588 1607 1637 1649 1671 1675 1759 1788 1792 1805 1834 1840 1876 1879 1949 1965 1972 1980 2019 2179 2204 2213 2218 2233 2257 2302 2322 2381 2385 2386 2443 2447 2530 2534 2545 2616 2629 2643 2655 2674 2685 2711 2728 2743 2809 2819 2853 2932 2942 2960 2995 3003 3043 3050 3149 3170 3215 3219 3232 3239 3254 3294 3299 3302 3304 3306 3309 3316 3408 3434 3441 3490 3518 3566 3567 3616 3654 3679 3683 3693 3740 3751 3771 3773 3792 3845 3851 3856 3916 3920 3938 3947 4003 4021 4022 4048 4058 4125 4129 4138 4211 4230 4241 4393 4409 4423 4485 4497 4513 4555 4587 4588 4595 4604 4627 4641 4656 4663 4685 4693 4800 4824 4834 4836 4839 4872 4891 4922 4971 4982 5040 5067 5102 5142 5146 5183 5188 5201 5223 5237 5306 5312 5425 5435 5444 5497 5529 5535 5544 5563 5571 5581 5594 5612 5657 5691 5702 5715 5716 5723 5726 5747 5828 5839 5937 5969 5976 5997 6009 6036 6061 6110 6117 6132 6146 6238 6244 6288 6339 6340 6382 6408 6438 6441 6519 6525 6534 6562 6582 6613 6633 6701 6730 6738 6755 6757 6765 6777 6782 6795 6799 6809 6900 6936 6937 7053 7059 7067 7085 7099 7163 7183 7191 7192 7195 7216 7240 7250 7264 7267 7286 7292 7295 7306 7309 7316 7320 7324 7359 7386 7430 7445 7477 7490 7525 7578 7579 7581 7596 7646 7673 7680 7686 7819 7832 7833 7899 7920 7927 7948 7956 7966 7973 8001 8022 8041 8059 8108 8122 8164 8167 8170 8176 8240 8244 8250 8271 8294 8343 8351 8364 8365 8368 8377 8383 8391 8392 8427 8466 8473 8485 8509 8510 8537 8585 8594 8602 8617 8629 8679 8682 8687 8690 8779 8814 8884 8899 8908 8934 8944 8964 9000 9046 9093 9160 9173 9180 9229 9273 9275 9276 9289 9299 9303 9319 9323 9346 9354 9360 9382 9388 9425 9443 9531 9535 9567 9632 9637 9648 9683 9689 9712 9754 9781 12968 12969 13028 13035 13050 13062 13076 13082 13085 13093 13104 13113 13118 13121 13124 13128 13130 13135 13137 13143 13145 13149 13151 13152 13155 13159 13163 13165 13167 13168 13170 13173 13174 13175 13176 13186 13187 13188 13193 13201 13202 13207 13216 13222 13224 13229 13231 13233 13235 13238 13241 13243 13247 13251 13258 13266 13276 13285 13290 13294 13301 13307 13308 13312 13313 13322 13327 13328 13330 13331 13332 13349 13350 13353 13355 13360 13361 13364 13366 13379 13380 13383 13387 13399 13404 13405 13409 13415 13418 13419 13420 13422 13433 13434 13436 13439 13441 13443 13448 13449 13450 13451 13452 13456 13458 13459 13463 13464 13465 13469 13470 13471 13474 13484 13487 13489 13490 13492 13493 13494 13501 13502 13508 13509 13510 13513 13518 13519 13520 13521 13523 13528 13531 13534 13536 13539 13544 13547 13555 13557 13561 13562 13564 13569 13570 13575 13576 13579 13581 13582 13584 13588 13589 13595 13597 13598 13599 13601 13602 13603 13606 13609 13610 13614 13615 13616 13620 13621 13626 13628 13629 13630 13631 13636 13637 13643 13646 13651 13658 13659 13660 13670 13672 13675 13680 13681 13683 13687 13688 13691 13692 13693 13694 13699 13701 13707 13710 13713 13717 13719 13722 13723 13724 13725 13727 13742 13750 13756 15583 15882 15921 16001 16117 16187 16331 16524 16642 16812 16832 16847 16890 16904 17090 17327 17415 17491 17672 17715 17717 
	}
	weather={
	}
}
