
strategic_region={
	id=17
	name="STRATEGICREGION_17"
	provinces={
		46 119 181 192 266 317 347 443 475 479 498 531 619 699 720 772 775 794 899 904 988 1002 1064 1065 1067 1076 1118 1122 1133 1227 1246 1269 1287 1304 1306 1323 1336 1393 1398 1428 1438 1480 1495 1503 1559 1578 1608 1611 1631 1668 1685 1701 1715 1722 1762 1807 1813 1814 1856 1859 1884 1892 1896 1908 1971 1975 1976 1984 1987 1999 2017 2084 2088 2114 2134 2232 2358 2364 2383 2427 2442 2490 2538 2565 2571 2608 2642 2654 2715 2720 2761 2766 2816 2883 2894 2916 2919 2935 3027 3040 3052 3059 3064 3066 3090 3092 3093 3094 3106 3112 3121 3153 3193 3205 3228 3242 3249 3258 3271 3279 3287 3292 3332 3342 3378 3399 3426 3433 3453 3454 3474 3575 3598 3637 3661 3671 3689 3754 3758 3775 3791 3826 3872 3935 3945 3981 4002 4027 4039 4121 4128 4163 4198 4265 4271 4343 4358 4436 4449 4463 4467 4469 4481 4495 4504 4522 4541 4614 4622 4626 4654 4698 4702 4704 4706 4714 4716 4738 4779 4783 4791 4798 4803 4819 4822 4844 4875 4913 4930 4955 5002 5081 5098 5105 5111 5115 5121 5150 5151 5166 5217 5224 5238 5252 5260 5279 5291 5399 5426 5429 5439 5452 5482 5485 5513 5519 5525 5539 5540 5557 5584 5608 5611 5636 5642 5650 5659 5666 5677 5682 5705 5744 5758 5771 5780 5787 5794 5811 5837 5923 5932 5954 6077 6091 6163 6164 6195 6210 6270 6276 6279 6336 6348 6380 6392 6399 6430 6440 6462 6496 6510 6517 6527 6536 6537 6557 6592 6607 6624 6645 6653 6663 6687 6696 6723 6727 6766 6786 6807 6826 6835 6845 6906 6920 6921 6933 6946 6955 6995 7024 7027 7030 7076 7084 7119 7132 7149 7150 7154 7193 7194 7231 7233 7257 7271 7283 7303 7311 7323 7335 7372 7385 7394 7400 7412 7440 7462 7482 7493 7508 7555 7557 7585 7602 7638 7649 7682 7690 7724 7741 7779 7855 7863 7867 7933 7942 7962 7983 8002 8003 8089 8099 8153 8278 8279 8354 8374 8379 8463 8468 8502 8512 8535 8551 8606 8613 8624 8637 8641 8647 8652 8680 8717 8729 8766 8776 8794 8857 8859 8897 8918 8921 8947 8953 8960 8972 8979 9006 9020 9023 9050 9056 9070 9089 9092 9099 9109 9136 9149 9189 9200 9212 9228 9237 9266 9269 9285 9326 9336 9353 9356 9378 9400 9432 9434 9479 9503 9511 9580 9588 9592 9602 9617 9636 9669 9694 9728 9761 9782 13708 13720 13733 13749 13758 13767 13772 13777 13778 13779 13792 13793 13796 13805 13806 13815 13818 13819 13822 13826 13830 13833 13835 13845 13849 13856 13860 13867 13868 13869 13873 13877 13891 13892 13894 13900 13904 13910 13912 13916 13919 13922 13923 13924 13939 13943 13944 13947 13948 13956 13960 13962 13964 13965 13967 13970 13971 13973 13974 13975 13978 13981 13982 13984 13985 13986 13987 13989 13991 13993 13995 13996 14000 14001 14002 14003 14004 14008 14010 14011 14013 14014 14015 14017 14023 14024 14029 14030 14032 14033 14035 14036 14037 14043 14044 14046 14048 14050 14051 14052 14053 14056 14063 14065 14066 14069 14070 14071 14072 14075 14081 14082 14084 14085 14086 14087 14088 14090 14093 14094 14096 14097 14100 14101 14103 14104 14105 14109 14112 14113 14117 14118 14119 14120 14123 14124 14125 14136 14137 14138 14139 14140 14142 14145 14150 14151 14152 14155 14156 14160 14162 14164 14165 14166 14172 14175 14177 14179 14182 14184 14185 14186 14188 14189 14194 14196 14197 14200 14204 14205 14206 14209 14212 14214 14217 14222 14223 14227 14228 14232 14234 14238 14243 14247 14251 14254 14259 14260 14261 14264 14266 14273 14276 14281 14283 14289 14290 14298 14301 14303 14307 14310 14314 14321 14328 14329 14330 14335 14338 14339 14344 14349 14355 14359 14364 14367 14369 14373 14374 14378 14380 14382 14383 14389 14391 14392 14398 14399 14404 14407 14408 14415 14416 14417 14422 14424 14428 14436 14443 14447 14451 14466 14475 14478 14479 14481 14482 14483 14484 14499 14509 14511 14518 14520 14527 15854 15890 15992 16046 16051 16379 16414 16675 16696 16755 16796 17009 17032 17078 17080 17157 17168 17526 17538 17687 
	}
	weather={
	}
}
