
strategic_region={
	id=19
	name="STRATEGICREGION_19"
	provinces={
		36 88 101 110 154 175 196 219 220 235 306 334 359 379 430 497 529 575 582 599 716 726 749 764 765 780 787 805 806 811 828 869 871 897 914 952 953 955 981 1013 1017 1025 1040 1051 1059 1107 1170 1181 1182 1202 1207 1245 1262 1279 1280 1341 1399 1404 1417 1425 1478 1483 1500 1505 1508 1551 1598 1609 1612 1615 1645 1680 1714 1738 1760 1765 1781 1784 1809 1818 1826 1835 1855 1874 1885 1937 1953 1957 2004 2010 2039 2100 2117 2137 2184 2212 2227 2259 2297 2305 2342 2346 2393 2396 2397 2399 2413 2417 2429 2430 2464 2561 2590 2611 2612 2628 2705 2744 2755 2762 2770 2781 2786 2787 2793 2796 2811 2821 2857 2887 2955 2958 2962 2978 3007 3047 3055 3091 3110 3126 3129 3168 3187 3204 3238 3261 3283 3312 3341 3349 3354 3380 3395 3422 3428 3488 3499 3515 3556 3600 3614 3618 3631 3641 3656 3701 3710 3765 3783 3814 3816 3823 3860 3895 3901 3905 3912 3948 3967 3973 3974 3983 4008 4012 4018 4032 4059 4083 4086 4131 4135 4136 4175 4209 4215 4234 4307 4313 4332 4342 4408 4411 4412 4419 4432 4433 4440 4447 4476 4484 4505 4524 4539 4545 4553 4580 4581 4584 4611 4659 4669 4677 4732 4741 4757 4770 4788 4792 4815 4817 4871 4873 4895 4958 4966 4981 4994 5003 5007 5023 5064 5086 5107 5138 5144 5149 5191 5197 5219 5235 5241 5248 5264 5285 5356 5410 5418 5431 5457 5531 5542 5558 5579 5600 5630 5632 5645 5695 5700 5741 5743 5776 5781 5784 5792 5808 5831 5848 5858 5865 5875 5912 5934 5942 5970 5986 6044 6055 6064 6065 6066 6069 6101 6108 6126 6145 6148 6149 6162 6191 6192 6204 6219 6223 6229 6234 6246 6260 6267 6326 6337 6360 6364 6397 6418 6421 6427 6428 6463 6499 6500 6508 6514 6515 6530 6540 6573 6585 6588 6647 6650 6655 6660 6668 6670 6705 6722 6740 6744 6771 6790 6832 6860 6874 6895 6896 6909 6926 6961 6971 6973 6994 6998 7004 7006 7019 7026 7028 7077 7106 7122 7144 7160 7176 7200 7225 7228 7242 7253 7318 7337 7339 7402 7409 7434 7435 7441 7470 7487 7501 7514 7515 7528 7548 7564 7627 7629 7636 7647 7683 7684 7694 7725 7743 7759 7783 7808 7823 7840 7852 7862 7912 7914 7941 7953 7967 7977 8021 8036 8098 8101 8105 8191 8193 8201 8202 8228 8236 8246 8258 8293 8302 8313 8316 8318 8322 8336 8342 8345 8403 8417 8418 8430 8452 8489 8506 8539 8543 8545 8558 8560 8577 8580 8620 8625 8626 8634 8655 8667 8678 8691 8698 8704 8710 8714 8718 8721 8726 8728 8736 8742 8745 8756 8770 8772 8781 8785 8792 8801 8871 8880 8892 8895 8900 8935 8937 8976 8984 9009 9037 9042 9045 9049 9076 9096 9103 9127 9129 9135 9155 9169 9175 9182 9215 9249 9287 9308 9311 9314 9340 9347 9365 9369 9410 9411 9458 9469 9470 9478 9480 9492 9555 9558 9589 9606 9646 9681 9697 9704 9715 9718 9749 14241 14257 14262 14263 14269 14272 14277 14278 14285 14286 14288 14293 14300 14302 14308 14309 14312 14313 14317 14318 14322 14323 14324 14325 14326 14327 14332 14333 14336 14337 14341 14347 14348 14351 14352 14353 14354 14358 14361 14363 14366 14370 14371 14372 14376 14381 14384 14386 14390 14394 14395 14396 14400 14403 14406 14414 14418 14419 14423 14427 14429 14432 14434 14437 14441 14444 14445 14446 14450 14452 14453 14456 14457 14458 14462 14464 14465 14468 14469 14471 14472 14477 14485 14486 14487 14488 14490 14491 14494 14496 14497 14498 14501 14503 14507 14513 14514 14515 14516 14519 14522 14525 14528 14529 14533 14535 14537 14538 14542 14543 14544 14548 14550 14551 14552 14555 14556 14557 14561 14562 14563 14564 14566 14569 14575 14579 14585 14587 14594 14595 14598 14599 14601 14602 14608 14610 14611 14615 14619 14620 14621 14625 14626 14628 14629 14633 14635 14636 14637 14638 14639 14643 14646 14650 14651 14654 14656 14657 14662 14663 14665 14666 14670 14676 14679 14680 14681 14683 14685 14688 14693 14695 14696 14700 14703 14708 14709 14710 14713 14714 14718 14719 14721 14722 14727 14731 14734 14737 14740 14742 14743 14748 14749 14750 14751 14752 14753 14756 14758 14761 14763 14764 14766 14770 14771 14772 14773 14775 14776 14779 14785 14786 14788 14789 14790 14791 14795 14798 14799 14800 14803 14805 14807 14808 14809 14811 14812 14813 14814 14816 14819 14821 14822 14825 14826 14827 14828 14830 14831 14833 14834 14835 14837 14838 14839 14840 14841 14842 14844 14846 14847 14849 14851 14852 14856 14858 14859 14860 14862 14865 14867 14868 14869 14872 14873 14874 14876 14877 14880 14881 14882 14883 14887 14888 14889 14891 14892 14895 14900 14901 14903 14904 14907 14910 14912 14913 14915 14916 14918 14919 14923 14927 14928 14931 14935 14936 14937 14944 14945 14946 14950 14951 14952 14955 14957 14958 14965 14966 14967 14968 14972 14973 14982 14983 14984 14988 14989 14994 14995 14998 15000 15001 15002 15003 15005 15006 15010 15011 15012 15014 15015 15017 15018 15019 15022 15024 15025 15028 15029 15030 15031 15032 15036 15037 15041 15042 15044 15046 15048 15049 15050 15051 15053 15054 15057 15058 15060 15061 15062 15064 15066 15067 15068 15069 15070 15071 15072 15074 15075 15078 15082 15083 15085 15086 15087 15092 15094 15095 15096 15100 15103 15106 15108 15117 15118 15129 15132 15135 15138 15143 15145 15150 15164 15168 15170 15527 15528 15529 15530 15534 15535 15536 15540 15542 15543 15574 15591 15606 15618 15629 15716 15764 15789 15907 15910 15943 15953 15965 15986 16162 16170 16206 16209 16242 16245 16265 16284 16294 16341 16345 16354 16365 16371 16386 16395 16416 16426 16441 16470 16503 16514 16523 16529 16539 16574 16594 16598 16610 16697 16761 16778 16789 16809 16828 16861 16876 16909 16933 16934 16966 16987 17008 17010 17017 17022 17040 17048 17064 17088 17113 17122 17125 17134 17169 17253 17258 17269 17277 17287 17316 17335 17337 17373 17410 17414 17539 17542 17543 17548 17554 17560 17569 17574 17580 17582 17588 17593 17601 17610 17720 
	}
	weather={
	}
}
