
strategic_region={
	id=20
	name="STRATEGICREGION_20"
	provinces={
		28 65 339 394 478 530 978 1053 1454 1567 2083 2155 2183 2562 2736 2927 3212 3305 3334 3351 3452 3748 4069 4590 4612 4801 4886 4887 4901 5141 5239 5302 5370 5466 5624 5793 5823 5862 5974 6691 7443 7547 7778 8017 8079 8110 8114 8156 8304 8319 8367 8555 8826 8968 9011 9025 9085 9091 9374 9454 9489 9499 9516 9585 9666 9727 15289 15291 15292 15299 15300 15301 15303 15304 15305 15311 15314 15315 15320 15323 15326 15329 15332 15335 15339 15344 15347 15349 15353 15354 15359 15360 15362 15363 15364 15367 15368 15369 15370 15371 15372 15378 15379 15380 15382 15385 15389 15391 15394 15399 15401 15404 15405 15417 15593 15608 15622 15628 15643 15677 15694 15697 15741 15780 15800 15833 15836 15843 15852 15897 15903 15927 15940 15941 16014 16033 16048 16054 16061 16080 16082 16099 16123 16146 16154 16181 16193 16201 16204 16219 16223 16227 16264 16271 16283 16290 16296 16328 16367 16487 16500 16508 16559 16576 16586 16695 16723 16733 16746 16754 16756 16783 16815 16819 16836 16840 16850 16859 16866 16883 16892 16900 16908 16938 16950 17107 17111 17114 17118 17126 17136 17138 17152 17158 17162 17194 17259 17284 17288 17311 17319 17321 17323 17331 17333 17340 17366 17369 17378 17379 17612 17613 17615 17618 17619 17622 17627 17632 17635 
	}
	weather={
	}
}
