
strategic_region={
	id=21
	name="STRATEGICREGION_21"
	provinces={
		101 196 219 235 306 334 379 575 582 599 726 780 787 897 953 955 1013 1017 1025 1059 1107 1207 1279 1280 1341 1399 1417 1425 1478 1609 1760 1781 1784 1809 1818 1826 1835 1855 1874 1885 1937 1953 2010 2039 2227 2259 2305 2346 2393 2396 2397 2399 2413 2561 2611 2628 2705 2744 2755 2811 2955 2958 2978 3007 3047 3055 3238 3283 3349 3428 3614 3631 3641 3656 3701 3895 3912 3948 3973 4012 4059 4083 4135 4175 4209 4411 4484 4505 4524 4539 4611 4659 4669 4732 4788 4817 4958 5064 5086 5107 5149 5191 5235 5241 5248 5285 5410 5457 5558 5579 5700 5741 5743 5781 5792 5808 5848 5858 5934 6044 6108 6149 6219 6246 6267 6418 6421 6427 6428 6499 6500 6515 6530 6540 6573 6585 6650 6660 6740 6744 6832 6860 6895 6909 6971 7006 7026 7028 7077 7122 7200 7228 7318 7402 7409 7487 7514 7528 7548 7629 7636 7647 7683 7743 7783 7808 7823 7852 7862 7941 7953 8105 8191 8201 8202 8236 8258 8313 8316 8318 8342 8430 8543 8558 8560 8626 8634 8726 8728 8736 8742 8781 8880 8900 9049 9096 9103 9175 9182 9311 9365 9369 9410 9458 9555 9558 9589 9681 9704 9749 14241 14257 14262 14263 14269 14272 14277 14278 14285 14286 14288 14293 14300 14302 14308 14309 14312 14313 14317 14318 14322 14323 14324 14325 14326 14327 14332 14333 14336 14337 14341 14347 14348 14351 14352 14353 14354 14358 14361 14363 14366 14370 14371 14372 14376 14381 14384 14386 14390 14394 14395 14396 14400 14403 14406 14414 14418 14419 14423 14427 14429 14432 14434 14437 14441 14444 14445 14446 14450 14452 14453 14456 14457 14458 14462 14464 14465 14468 14469 14471 14472 14477 14485 14486 14487 14488 14490 14491 14494 14496 14497 14498 14501 14503 14507 14513 14514 14515 14516 14519 14522 14525 14528 14529 14533 14535 14537 14538 14542 14543 14544 14548 14550 14551 14552 14555 14556 14557 14561 14562 14563 14564 14566 14569 14575 14579 14585 14587 14594 14595 14598 14599 14601 14602 14608 14610 14615 14619 14620 14621 14629 14633 14635 14636 14638 14650 14651 14656 15527 15943 15953 16514 16523 16697 17040 17125 17373 17414 17539 17542 17543 17548 17720 
	}
	weather={
	}
}
