
strategic_region={
	id=22
	name="STRATEGICREGION_22"
	provinces={
		33 112 263 307 326 342 354 467 646 693 725 754 847 857 912 998 1029 1060 1068 1093 1130 1151 1206 1239 1242 1254 1315 1470 1489 1616 1639 1702 1704 1719 1740 1782 1782 1812 1843 1944 2023 2116 2246 2276 2280 2294 2352 2394 2535 2605 2638 2653 2697 2826 2930 2937 2996 3025 3338 3392 3440 3458 3487 3502 3542 3658 3675 3743 3756 3782 3795 3818 4042 4111 4144 4220 4297 4331 4339 4374 4399 4487 4544 4576 4682 4742 4767 4813 4816 4892 4915 4967 4974 4979 4986 4998 5046 5072 5077 5099 5153 5229 5274 5396 5762 5791 5826 5830 5859 5899 6063 6086 6095 6141 6237 6255 6372 6451 6473 6604 6684 6733 6762 6803 6811 6901 6907 6943 6984 6985 7016 7017 7123 7158 7158 7230 7298 7307 7390 7513 7542 7614 7663 7674 7728 7758 7822 7843 7949 8130 8149 8219 8235 8257 8264 8303 8424 8472 8511 8657 8692 8712 8716 8874 8878 8986 9003 9112 9164 9292 9329 9352 9364 9385 9416 9445 9462 9465 9501 9526 9543 9563 9722 9729 9771 13682 13696 13698 13709 13712 13726 13735 13736 13739 13740 13741 13744 13744 13748 13755 13757 13762 13764 13766 13768 13769 13771 13773 13774 13776 13782 13783 13784 13787 13791 13798 13800 13802 13803 13809 13810 13814 13817 13820 13821 13824 13825 13828 13829 13832 13834 13838 13841 13843 13844 13853 13857 13858 13859 13861 13865 13866 13876 13878 13879 13882 13883 13884 13887 13888 13889 13890 13893 13896 13903 13907 13909 13911 13931 13933 13935 13938 13946 13949 13951 13952 13955 13959 13961 13963 13966 13972 13977 13980 13983 13997 13999 14005 14006 14007 14009 14012 14025 14026 14027 14031 14039 14042 14045 14059 14068 14077 14080 14099 14108 14122 14132 14157 14158 14176 14195 14219 14231 14233 14248 14258 14279 17701 17727 17728 17729 17730 17731 17732 17733 17734 17735 17736 17737 17738 17739 17740 17741 17742 17743 17744 
	}
	weather={
	}
}
