
strategic_region={
	id=24
	name="STRATEGICREGION_24"
	provinces={
		50 61 99 176 473 875 889 915 963 1073 1116 1620 1961 1993 2056 2078 2541 2754 2759 2843 3076 3167 3445 3760 3913 3979 4046 4068 4082 4551 4623 4914 5005 5258 5309 5357 5622 5709 5711 5992 6053 6071 6115 6247 6316 6321 6412 6489 6713 7190 7457 7491 7517 7558 7634 7705 7858 7865 7911 8014 8138 8297 8300 8384 8514 8640 8933 8965 9131 9569 9571 9614 9762 14929 14961 14962 14986 14991 14993 14999 15013 15021 15027 15043 15047 15073 15077 15104 15109 15116 15120 15121 15128 15134 15141 15146 15147 15152 15154 15158 15161 15166 15188 15222 15537 15539 15541 15548 15549 15896 16095 16129 16213 16614 16745 16825 16916 17154 17183 17193 17326 
	}
	weather={
	}
}
