
strategic_region={
	id=25
	name="STRATEGICREGION_25"
	provinces={
		68 121 139 316 328 352 589 822 859 908 1139 1205 1515 1651 1772 2242 2439 2456 2498 2623 2683 2694 2763 3592 3730 3848 4247 4382 4417 4455 4671 4674 4675 4736 4936 5156 5225 5231 5344 5393 5448 5774 5965 6307 6365 6432 6450 6513 6631 7773 7813 8446 8503 8552 8628 8743 8812 9122 9141 14524 14541 14549 14560 14568 14584 14597 14612 14640 14649 14678 14692 14704 14707 14724 14796 14804 14820 14829 14855 14864 14886 14960 14981 14996 15020 15063 15065 15080 15088 15099 15115 15125 15127 15793 15951 15980 16182 16259 16335 16456 16472 16719 16990 17112 17119 17230 17235 17264 17553 17562 
	}
	weather={
	}
}
