
strategic_region={
	id=26
	name="STRATEGICREGION_26"
	provinces={
		16 274 612 620 696 733 744 788 803 896 898 1095 1303 1379 1396 1414 1444 1463 1526 1565 1927 2029 2139 2220 2531 2599 2673 2676 2712 2726 2737 2810 2926 2967 2998 3039 3071 3285 3298 3356 3463 3486 3647 3669 3676 3804 3838 3844 3961 3985 4019 4035 4087 4171 4213 4219 4361 4558 4610 4676 4773 4830 5199 5234 5326 5681 5778 5881 5901 5961 6030 6039 6271 6320 6331 6338 6351 6376 6448 6735 6785 6844 6866 6893 6935 6978 6980 7268 7278 7375 7403 7454 7469 7643 7656 7691 7898 8008 8013 8085 8174 8181 8217 8221 8262 8340 8411 8521 8573 8688 8928 8945 9004 9032 9197 9321 9474 9502 9548 9719 9735 9763 15034 15084 15098 15111 15114 15126 15131 15136 15139 15142 15149 15156 15160 15163 15165 15169 15172 15173 15175 15176 15177 15178 15180 15181 15182 15183 15185 15187 15189 15190 15191 15193 15195 15196 15197 15199 15204 15205 15209 15211 15212 15213 15214 15215 15216 15217 15218 15219 15220 15221 15223 15224 15226 15227 15228 15229 15230 15532 15546 15547 15550 15867 15877 15922 16022 16093 16104 16116 16291 16293 16307 16611 16619 16620 16713 16716 16717 16757 16986 16998 17082 17103 17292 17306 17314 17380 17384 17394 17566 17567 17570 17603 17607 
	}
	weather={
	}
}
