
strategic_region={
	id=29
	name="STRATEGICREGION_29"
	provinces={
		177 308 366 402 555 712 938 1087 1148 1265 1690 1707 1741 1756 1821 1846 1877 2426 2583 2621 2641 3432 4077 4377 4416 4532 4648 4670 4713 5134 5449 5654 5753 5857 5886 6190 6215 6225 6442 6654 6672 6775 7020 7173 7353 7416 7463 7571 8146 8517 8846 8870 9016 9348 9383 9424 15422 15427 15430 15443 15445 15448 15449 15450 15455 15458 15463 15465 15466 15468 15470 15472 15474 15477 15478 15481 15482 15484 15487 15489 15490 15493 15494 15499 15502 15505 15506 17648 17652 17662 17680 17691 17693 17704 
	}
	weather={
	}
}
