
strategic_region={
	id=30
	name="STRATEGICREGION_30"
	provinces={
		313 528 710 820 843 962 990 1033 1180 1743 1750 2012 2267 2575 2610 2682 3033 3127 3235 3291 3370 3436 3604 3620 3723 3906 3991 4037 4284 4874 5137 5170 5549 5786 6180 6236 6480 6813 6975 6997 7185 7420 7534 7600 7753 7826 8210 8381 8400 8440 8523 8528 9392 9619 9647 9731 15312 15321 15327 15333 15342 15348 15350 15352 15357 15373 15377 15388 15390 15397 15402 15403 15412 15416 15425 15441 15461 15554 16854 16905 17097 17654 17664 17678 17690 
	}
	weather={
	}
}
