
strategic_region={
	id=31
	name="STRATEGICREGION_31"
	provinces={
		74 236 264 389 410 448 578 594 666 1228 1289 1413 1465 1583 1599 1629 1633 1753 1833 1865 1928 2030 2031 2154 2162 2441 2462 2564 2598 2666 2764 2965 3000 3037 3123 3307 3363 3381 3413 3709 3764 3843 3902 3929 3980 4143 4148 4174 4227 4293 4506 4602 4802 4820 4929 5042 5171 5254 5316 5450 5614 5841 5906 6157 6199 6220 6341 6436 6455 6542 6617 6666 7037 7054 7096 7172 7214 7235 7282 7314 7356 7411 7475 7666 7979 7980 8055 8231 8243 8306 8333 8420 8484 8490 8508 8685 8774 8922 9036 9226 9295 9428 15231 15233 15234 15235 15236 15237 15238 15239 15241 15242 15243 15246 15247 15248 15249 15250 15251 15252 15254 15256 15257 15258 15259 15260 15262 15263 15264 15265 15266 15267 15269 15270 15272 15274 15275 15277 15282 15283 15285 15290 15293 15302 15306 15307 15313 15316 15317 15322 15324 15330 15331 15345 15358 15392 15400 15407 15409 15413 15421 15426 15429 15434 15437 15442 15551 15553 15812 16037 16401 16506 16589 16813 17058 17198 17404 17606 17650 17653 17673 17702 
	}
	weather={
	}
}
