
strategic_region={
	id=32
	name="STRATEGICREGION_32"
	provinces={
		686 1225 2152 2185 3841 3932 4162 4179 5051 5415 5509 5607 5802 6198 6887 7062 7258 8047 8172 8454 8570 8819 9158 9208 9301 9649 9741 15035 15081 15090 15091 15102 15107 15124 15148 15151 15159 15179 15186 15208 15240 15244 15245 15255 15580 15585 15623 15627 15631 15649 15650 15663 15665 15685 15707 15717 15753 15754 15755 15773 15792 15801 15823 15831 15837 15847 15849 15850 15865 15870 15880 15892 15900 15902 15905 15923 15928 15929 15934 15942 15954 15956 15957 15971 15984 15985 15997 16024 16035 16036 16038 16058 16070 16084 16086 16087 16090 16094 16108 16114 16128 16149 16159 16168 16172 16174 16176 16190 16194 16212 16216 16222 16243 16249 16257 16261 16268 16270 16315 16322 16352 16358 16381 16385 16390 16397 16421 16422 16423 16436 16452 16457 16458 16467 16494 16512 16522 16542 16547 16585 16599 16616 16626 16634 16640 16673 16684 16698 16718 16738 16752 16772 16773 16792 16794 16820 16855 16868 16873 16882 16885 16886 16907 16911 16920 16928 16962 16976 17020 17027 17039 17043 17049 17057 17059 17060 17077 17083 17089 17117 17129 17130 17175 17191 17205 17211 17213 17229 17245 17250 17255 17261 17290 17307 17313 17328 17332 17341 17346 17347 17349 17357 17396 17409 17556 17561 17563 17564 17571 17572 17577 17578 17584 17585 17586 17589 17590 17592 17595 17597 17599 17602 17604 17608 17611 17625 17628 17640 17641 
	}
	weather={
	}
}
