
strategic_region={
	id=41
	name="STRATEGICREGION_41"
	provinces={
		22 109 129 135 245 310 322 374 382 385 396 403 435 457 492 526 535 573 588 607 647 652 654 734 748 750 752 778 797 910 916 918 923 937 970 974 1018 1034 1137 1240 1273 1325 1363 1443 1445 1459 1464 1496 1502 1513 1533 1539 1571 1597 1617 1674 1682 1718 1763 1800 1810 1836 1860 1867 1898 1905 1939 1945 1978 1990 2033 2066 2108 2153 2180 2208 2214 2215 2247 2334 2341 2359 2425 2453 2475 2518 2603 2659 2691 2696 2738 2768 2797 2798 2800 2910 2952 2986 2990 3010 3128 3150 3157 3175 3176 3192 3216 3221 3286 3323 3326 3377 3459 3507 3522 3667 3694 3715 3724 3772 3794 3819 3887 3957 4034 4133 4165 4173 4210 4283 4289 4299 4305 4383 4389 4429 4568 4578 4644 4650 4672 4740 4828 4829 4857 4860 4939 4991 5013 5071 5073 5108 5243 5267 5304 5317 5346 5348 5398 5453 5545 5567 5586 5667 5867 5891 5910 5946 5950 5964 6006 6093 6137 6294 6298 6310 6328 6343 6362 6403 6543 6621 6640 6657 6667 6697 6793 6794 6808 6829 6941 6947 6950 6958 6991 7011 7196 7213 7254 7277 7281 7287 7317 7465 7471 7497 7613 7660 7727 7777 7782 7838 7869 8009 8034 8037 8076 8104 8106 8131 8160 8251 8352 8409 8477 8486 8534 8564 8668 8739 8753 8769 8790 8860 8877 8894 8930 8967 9029 9035 9140 9190 9294 9337 9343 9373 9405 9466 9484 9500 9513 9544 9616 9640 11529 11547 11553 11557 11569 11577 11578 11603 11618 11620 11633 11640 11641 11642 11661 11671 11678 11682 11685 11694 11696 11701 11702 11709 11716 11730 11737 11738 11740 11741 11745 11747 11752 11756 11760 11772 11777 11781 11784 11785 11786 11809 11810 11812 11818 11820 11828 11834 11835 11837 11853 11855 11858 11864 11871 11879 11891 11892 11902 11911 11916 11925 11934 11939 11951 11953 11955 11966 11971 11972 11986 11998 12004 12016 12022 12025 12031 12044 12047 12048 12053 12055 12063 12081 12082 12107 12108 12142 12157 12160 12168 12189 12203 12222 12223 12229 12239 12241 12253 12255 12259 12260 12267 12273 12275 12290 12295 12296 12303 12318 12325 12330 12334 12347 12360 12377 15512 15513 15514 15515 15516 15517 15518 15688 15841 15931 16464 16739 16878 16901 17352 17389 17684 17685 
	}
	weather={
	}
}
