
strategic_region={
	id=42
	name="STRATEGICREGION_42"
	provinces={
		66 157 429 436 536 838 956 982 1016 1217 1774 1783 1824 1994 2002 2286 2400 2404 2452 2543 2630 2807 2869 3001 3012 3135 3270 3613 3966 4100 4378 4437 4456 4642 4643 4699 5034 5256 5315 5373 5660 6034 6400 6923 7056 7130 7296 7545 7570 7573 7650 7677 8277 8419 8428 8438 8694 8978 9239 9453 9485 9641 9759 12135 12156 12177 12185 12191 12220 12221 12238 12254 12269 12278 12281 12287 12288 12289 12297 12311 12315 12317 12336 12346 12351 12352 12354 12376 12385 12393 12399 12403 12411 12413 12414 12427 12432 12441 12456 12459 12471 12485 12487 12520 12709 15519 15520 15521 15568 15733 15744 15993 16060 16067 16122 16244 16298 16319 16346 16477 16496 16501 16543 16597 16750 16797 16857 16896 16939 16948 16951 16958 17095 17159 17247 17318 17377 17464 17467 17469 
	}
	weather={
	}
}
