
strategic_region={
	id=50
	name="STRATEGICREGION_50"
	provinces={
		15592 15594 15600 15605 15607 15621 15625 15636 15638 15658 15662 15668 15672 15678 15682 15683 15693 15695 15696 15703 15712 15713 15714 15732 15737 15746 15752 15756 15758 15770 15772 15777 15778 15779 15783 15803 15809 15811 15822 15830 15881 15884 15886 15888 15891 15894 15898 15901 15917 15925 15926 15946 15948 15949 15958 15959 15961 15969 15970 15974 15978 15979 15987 16018 16027 16039 16040 16052 16053 16057 16078 16085 16088 16103 16109 16133 16138 16140 16164 16177 16200 16202 16208 16211 16220 16221 16229 16240 16252 16256 16274 16277 16287 16299 16301 16302 16304 16310 16311 16325 16327 16342 16349 16351 16373 16380 16382 16392 16402 16408 16409 16420 16454 16459 16471 16474 16476 16484 16486 16491 16495 16497 16498 16505 16509 16530 16550 16563 16581 16584 16608 16612 16622 16646 16658 16664 16670 16683 16692 16702 16705 16708 16714 16720 16724 16742 16749 16762 16764 16767 16776 16777 16780 16810 16837 16841 16845 16853 16870 16884 16891 16893 16906 16912 16915 16945 16953 16954 16970 16975 17000 17004 17006 17030 17069 17071 17075 17093 17099 17100 17115 17124 17141 17144 17156 17163 17180 17212 17214 17224 17243 17265 17268 17273 17301 17305 17308 17310 17322 17324 17351 17353 17354 17371 17382 17397 17402 17511 17513 17516 17518 17519 17522 17525 17530 17532 17537 17545 17552 
	}
	weather={
	}
}
