
strategic_region={
	id=51
	name="STRATEGICREGION_51"
	provinces={
		15571 15586 15617 15626 15640 15647 15670 15705 15706 15724 15761 15769 15814 15820 15821 15829 15840 15851 15874 15878 15906 15908 15911 15962 15991 15996 16006 16023 16034 16041 16043 16044 16055 16056 16072 16111 16121 16125 16127 16153 16198 16215 16217 16234 16250 16255 16295 16303 16320 16375 16378 16388 16403 16437 16438 16443 16449 16450 16453 16466 16475 16493 16502 16504 16532 16540 16551 16553 16582 16588 16596 16628 16660 16690 16691 16693 16710 16727 16729 16731 16765 16799 16826 16831 16851 16888 16927 16929 16932 16955 16961 16963 16977 16984 16991 17062 17081 17106 17166 17186 17200 17221 17238 17267 17329 17383 17388 17398 17565 17575 17583 17591 17598 17614 17620 17629 17630 17634 17637 17638 17643 
	}
	weather={
	}
}
