
strategic_region={
	id=52
	name="STRATEGICREGION_52"
	provinces={
		15575 15577 15589 15644 15669 15690 15734 15760 15828 15853 15860 15862 15913 15933 15938 15945 15964 15968 15988 16000 16062 16076 16112 16148 16175 16203 16228 16247 16251 16286 16308 16336 16337 16347 16355 16387 16425 16480 16517 16518 16552 16566 16578 16645 16655 16665 16686 16699 16700 16736 16779 16790 16800 16821 16824 16830 16895 16944 16982 16994 17066 17108 17127 17140 17225 17249 17286 17297 17300 17304 17356 17406 17447 17450 17452 17456 17459 17473 
	}
	weather={
	}
}
