
strategic_region={
	id=55
	name="STRATEGICREGION_55"
	provinces={
		81 225 401 493 1451 1521 1882 3111 3357 3420 3466 3581 3630 4597 4893 5050 5090 5158 5334 5463 5559 5651 5915 6116 6274 6881 7003 7075 7345 7393 7472 7799 7930 8084 8103 8215 8275 8527 8633 8669 8838 8949 8963 9101 9394 9444 9539 9573 9680 14941 14947 14963 14964 14970 14978 14980 14985 14997 15026 15038 15039 15052 15059 15076 15079 15089 15093 15097 15101 15105 15110 15112 15113 15119 15122 15123 15130 15133 15137 15140 15144 15153 15155 15157 15162 15167 15171 15174 15184 15192 15194 15198 15200 15201 15202 15203 15206 15207 15210 15225 15232 15538 15544 15545 15569 15595 15622 15643 15646 15676 15694 15710 15736 15889 15897 15927 15928 15941 15942 15985 16063 16074 16082 16097 16115 16132 16147 16161 16168 16223 16270 16309 16309 16389 16396 16432 16488 16520 16557 16572 16576 16579 16603 16653 16673 16694 16703 16723 16754 16758 16788 16793 16795 16819 16840 16850 16881 16898 16903 16907 16946 16950 16964 16968 17002 17013 17024 17027 17047 17072 17087 17107 17110 17118 17143 17160 17204 17250 17252 17256 17311 17323 17363 17366 17401 17405 17413 17568 17573 17576 17579 17581 17587 17594 17595 17596 17600 17605 17609 17613 17615 17619 
	}
	naval_terrain=water_fjords
	weather={
	}
}
