
strategic_region={
	id=57
	name="STRATEGICREGION_57"
	provinces={
		53 64 94 130 159 232 233 252 255 272 376 534 668 669 781 1188 1195 1218 1312 1319 1337 1361 1365 1390 1420 1476 1672 1830 1925 1991 2025 2086 2097 2156 2170 2354 2409 2478 2510 2515 2544 2550 2784 2904 3005 3133 3145 3155 3169 3174 3213 3224 3267 3376 3397 3495 3557 3660 3681 3703 3787 3876 3886 3963 4013 4137 4155 4167 4168 4278 4460 4509 4511 4561 4564 4571 4574 4600 4712 4723 4890 4937 5079 5159 5259 5278 5446 5495 5596 5628 5675 5706 5732 5782 5840 5926 5999 6028 6076 6090 6097 6136 6203 6299 6333 6415 6443 6491 6532 6565 6571 6616 6674 6806 6810 6814 6898 6912 7128 7256 7260 7290 7367 7415 7450 7452 7560 7593 7618 7619 7626 7700 7800 7829 7861 7872 7892 7923 7929 8080 8093 8125 8140 8157 8196 8237 8282 8329 8370 8372 8394 8487 8498 8603 8611 8693 8750 8759 8761 8796 8799 8802 8823 8830 8904 8915 8927 8954 9010 9028 9039 9040 9063 9120 9192 9338 9414 9431 9433 9493 9497 9540 9561 9584 9661 9707 14173 14193 14201 14215 14225 14229 14240 14244 14249 14255 14256 14267 14268 14270 14274 14275 14280 14284 14287 14291 14292 14294 14295 14296 14297 14299 14304 14305 14306 14311 14315 14316 14319 14320 14331 14334 14340 14342 14343 14345 14346 14350 14356 14357 14360 14362 14365 14368 14375 14377 14379 14385 14387 14388 14393 14397 14402 14405 14410 14412 14413 14420 14421 14426 14433 14439 14440 14442 14448 14454 14455 14473 14476 14480 14489 14505 14506 14512 14517 14521 14523 14536 14547 14554 14558 14567 14573 14574 14578 14581 14586 14590 14604 14605 14614 14618 14627 14632 14634 14642 14645 14648 14655 14661 14664 14667 14668 14669 14673 14682 14684 14686 14691 14702 14705 14712 14717 14720 14723 14730 14736 14738 14739 14744 14747 14755 14769 14774 14783 14794 17719 
	}
	weather={
	}
}
