
strategic_region={
	id=59
	name="STRATEGICREGION_59"
	provinces={
		320 493 806 914 981 1202 1598 1680 1714 2417 2762 2787 2887 3187 3204 3341 3354 3395 3437 3488 3905 3974 4234 4268 4307 4313 4332 4342 4440 4545 4584 4741 4757 4770 4815 4994 5032 5197 5334 5630 5912 6065 6191 6234 6397 6514 6588 6670 6705 6881 6994 7003 7160 7225 7253 7470 7501 7627 7759 7840 8276 8322 8331 8336 8418 8489 8580 8656 8667 8721 8772 8792 8935 8946 8949 9249 9411 9697 9772 14666 14680 14681 14685 14688 14703 14722 14742 14763 14764 14790 14791 14798 14800 14808 14816 14819 14822 14826 14839 14840 14841 14842 14844 14846 14847 14858 14859 14862 14869 14874 14876 14877 14883 14887 14888 14891 14892 14895 14904 14907 14910 14913 14923 14930 14941 14942 14947 14954 14959 14963 14964 14970 14974 14980 14997 15008 15023 15033 15040 15055 15056 
	}
	weather={
	}
}
