
strategic_region={
	id=8
	name="STRATEGICREGION_8"
	provinces={
		38 45 75 92 168 191 226 258 280 298 303 360 409 419 455 461 477 483 545 615 630 631 633 650 690 711 715 779 810 837 845 940 949 961 966 1014 1028 1036 1044 1074 1104 1127 1152 1159 1171 1197 1328 1382 1408 1422 1439 1479 1497 1548 1564 1575 1622 1652 1663 1664 1686 1689 1711 1716 1854 1888 1921 1948 1959 1979 1998 2001 2050 2052 2079 2142 2147 2159 2222 2234 2238 2268 2278 2301 2320 2345 2348 2357 2368 2377 2422 2444 2609 2614 2658 2661 2679 2699 2702 2721 2729 2734 2791 2840 2847 2875 2896 2909 2911 2922 2943 2964 2985 2989 2991 3038 3056 3086 3108 3144 3162 3172 3220 3336 3360 3362 3371 3407 3449 3455 3460 3512 3527 3544 3553 3561 3596 3602 3688 3696 3742 3753 3778 3797 3822 3842 3859 3890 3891 3896 3943 4015 4033 4126 4132 4194 4202 4223 4246 4274 4301 4304 4323 4357 4363 4365 4387 4391 4465 4526 4528 4613 4630 4684 4692 4696 4725 4730 4748 4838 4911 4993 5059 5089 5173 5227 5251 5269 5362 5375 5388 5420 5422 5445 5471 5479 5480 5492 5498 5504 5522 5572 5598 5627 5673 5693 5733 5735 5740 5755 5763 5764 5779 5815 5820 5829 5834 5835 5880 5903 5928 5930 5956 5957 5972 5980 6004 6052 6085 6104 6109 6151 6160 6186 6233 6256 6273 6278 6319 6346 6369 6374 6385 6388 6396 6460 6475 6493 6554 6560 6574 6590 6599 6612 6615 6675 6679 6683 6685 6712 6734 6736 6760 6855 6862 6867 6869 6880 6904 6949 6953 6996 7010 7042 7055 7071 7082 7088 7102 7105 7107 7148 7181 7186 7187 7205 7207 7227 7232 7280 7327 7338 7358 7360 7362 7365 7378 7383 7398 7408 7432 7446 7456 7466 7483 7586 7685 7702 7734 7747 7748 7764 7825 7870 7883 7897 7935 7968 7985 7987 8023 8028 8030 8051 8061 8091 8142 8143 8151 8155 8199 8233 8260 8272 8298 8299 8308 8327 8335 8348 8397 8436 8443 8455 8462 8495 8553 8575 8610 8648 8660 8686 8720 8722 8746 8797 8807 8816 8865 8867 8885 8896 8907 8925 8993 9014 9019 9061 9067 9072 9084 9174 9178 9184 9205 9210 9213 9238 9246 9268 9284 9317 9344 9355 9377 9396 9402 9418 9426 9441 9446 9495 9496 9525 9551 9553 9579 9604 9612 9633 9635 9638 9642 9654 9662 9682 9686 9688 9698 9708 9753 9758 9774 9783 10254 10264 10270 10290 10293 10318 10342 10364 10375 10384 10388 10412 10415 10460 10471 10483 10497 10500 10502 10509 10512 10517 10525 10528 10534 10543 10554 10562 10585 10586 10590 10592 10605 10608 10615 10616 10618 10622 10629 10630 10638 10639 10641 10644 10645 10649 10650 10651 10655 10663 10664 10670 10671 10673 10677 10681 10683 10685 10690 10696 10699 10709 10711 10712 10716 10717 10720 10722 10725 10729 10735 10738 10746 10749 10752 10753 10758 10759 10760 10764 10768 10777 10779 10781 10782 10787 10790 10794 10795 10799 10800 10803 10810 10811 10823 10824 10838 10841 10842 10849 10856 10860 10871 10873 10874 10886 10890 10891 10896 10900 10901 10906 10911 10914 10915 10916 10919 10921 10928 10933 10934 10939 10943 10944 10957 10958 10959 10960 10964 10967 10968 10973 10975 10979 10984 10987 10995 10999 11002 11009 11010 11016 11017 11018 11032 11033 11036 11039 11042 11045 11052 11058 11061 11071 11072 11079 11081 11088 11091 11092 11099 11106 11108 11110 11116 11124 11125 11130 11131 11140 11147 11153 11154 11158 11161 11162 11163 11165 11171 11175 11185 11186 11191 11192 11198 11211 11214 11223 11232 11236 11238 11239 11252 11260 11268 11271 11274 11280 11287 11296 11298 11303 11306 11316 11324 11325 11335 11336 11340 11341 11345 11348 11355 11364 11366 11368 11369 11370 11376 11382 11383 11394 11398 11410 11425 11435 11439 11448 11454 11459 11460 11465 11470 11476 11483 11486 11496 11499 11500 11505 11510 11522 11528 11533 11534 11540 11546 11552 11560 11568 11570 11571 11588 11591 11594 11596 11597 11604 11611 11612 11623 11645 11651 11652 11663 11666 11670 11673 11677 11681 11688 11690 11693 11697 11704 11705 11713 11717 11725 11727 11729 11735 11736 11743 11751 11754 11764 11767 11770 11773 11791 11804 11815 11822 11833 11839 11850 11854 11868 11870 15511 15614 15679 15725 15759 15798 15960 16012 16019 16032 16139 16183 16288 16329 16419 16549 16564 16759 16827 17050 17131 17217 17231 17299 17325 17424 17430 17438 17440 17441 17444 
	}
	weather={
	}
}
