1 3 14980 14970 6881 
1 7 6881 14959 8946 9772 6994 14904 14892 
1 7 14892 2887 14846 5630 7225 4307 14722 
1 4 13554 5951 13549 4224 
1 2 5951 13535 
1 2 13535 2663 
1 2 2663 4014 
1 2 4014 13516 
1 2 13554 6572 
1 3 13516 1940 6940 
1 3 6940 3722 13543 
1 2 13543 6572 
1 2 188 355 
1 2 355 13524 
1 2 13524 2663 
1 2 13516 13512 
1 2 3862 13548 
1 2 13548 4224 
1 6 13543 1940 13516 6470 13495 8186 
1 2 8186 5697 
1 4 8186 1648 9545 13421 
1 4 3722 13566 13580 6193 
1 4 3053 7301 13535 769 
1 2 769 5866 
1 3 5866 13543 3722 
1 2 3722 6940 
1 2 6940 2388 
1 3 5951 4585 6797 
1 3 6797 2834 13627 
1 4 13627 8441 13644 8358 
1 3 8358 13673 13706 
1 6 622 13855 13839 13831 4444 8853 
1 7 8853 4865 8344 5844 13734 7952 13706 
1 8 4014 2663 355 13504 2329 13482 13485 5195 
1 7 13573 9777 13592 1372 13622 13612 13627 
1 4 4585 13554 769 4014 
1 3 4014 5730 13511 
1 3 13511 6470 7058 
1 5 4014 13516 6470 7058 5697 
1 3 5697 13478 569 
1 3 13535 769 4014 
1 4 4014 1940 6940 2123 
1 3 6940 13559 13572 
1 6 9270 13559 3722 1940 13516 6470 
1 4 14722 6514 14681 1714 
1 5 14601 6909 14633 14650 1714 
4 2 2784 2478 
4 10 2478 6674 14686 14667 5596 9497 4937 4705 1043 14559 
4 7 5519 1133 3027 3106 3193 6609 14559 
4 4 5519 14389 14383 14392 
4 4 5081 14382 3271 14392 
4 5 7193 1611 14339 4698 5081 
4 6 7193 3935 7638 14283 14273 5584 
4 6 5584 1076 9434 4626 8551 7194 
4 5 4767 7390 3487 3454 7194 
4 11 4767 14219 3458 14230 5341 1841 14216 6587 14171 9123 14141 
1 5 8430 2227 1818 6427 14601 
1 6 14376 2413 5848 3055 8258 8430 
1 6 14318 6971 1855 14351 14363 14376 
5 3 14928 9492 3556 
3 7 1182 952 1170 2612 14935 9715 3556 
3 6 14756 14776 4433 2430 14830 1182 
3 5 14662 9340 14731 14748 14756 
3 8 14522 14538 14552 3238 828 8937 14643 14662 
3 6 14414 14441 7808 7487 14497 14522 
3 6 14318 7077 1207 5858 5086 14414 
3 8 14211 5870 7642 3386 14278 14285 6860 14318 
3 4 14211 14207 14192 3139 
3 3 3139 3373 5298 
1 3 5298 9123 14141 
