1 24 
1 33 
1 267 
1 413 
1 622 
1 670 
1 1170 
1 1182 
1 1351 
1 1452 
1 1884 
1 1965 
1 1996 
1 2123 
1 2199 
1 2363 
1 2381 
1 2784 
1 3025 
1 3106 
1 3139 
1 3219 
1 3397 
1 3399 
1 3872 
1 4014 
1 4021 
1 4433 
1 4477 
1 4705 
1 4767 
1 4782 
1 4918 
1 5081 
1 5115 
1 5248 
1 5298 
1 5342 
1 5399 
1 5535 
1 5596 
1 5666 
1 5989 
1 6028 
1 6162 
1 6175 
1 6339 
1 6407 
1 6440 
1 6470 
1 6674 
1 6826 
1 6881 
1 6917 
1 6940 
1 6977 
1 7058 
1 7193 
1 7194 
1 7230 
1 7307 
1 7335 
1 7412 
1 7452 
1 7513 
1 7700 
1 8033 
1 8244 
1 8303 
1 8313 
1 8315 
1 8857 
1 8954 
1 9394 
1 9465 
1 9715 
1 13186 
1 13274 
1 13383 
1 13419 
1 13421 
1 13478 
1 13516 
1 13518 
1 13535 
1 13539 
1 13562 
1 13606 
1 13614 
1 13660 
1 13683 
1 13692 
1 13707 
1 13722 
1 13726 
1 13748 
1 13756 
1 13905 
1 13978 
1 13980 
1 14141 
1 14158 
1 14171 
1 14186 
1 14211 
1 14318 
1 14376 
1 14388 
1 14392 
1 14407 
1 14414 
1 14522 
1 14559 
1 14601 
1 14662 
1 14716 
1 14722 
1 14756 
1 14863 
1 14883 
1 14892 
1 14928 
1 14968 
1 15305 
1 15405 
