state={
	id=106
	name="STATE_106"
	history={
		owner = WPK
		add_core_of = WPK
        victory_points = { 1580 5 }
	}
	provinces={
		319 511 645 856 1211 1241 1487 1580 1638 1643 2795 3018 3181 3448 3549 3597 3805 4130 4152 4426 4847 5049 5211 5530 5640 6106 6344 6583 6812 7348 7503 8362 8659 9536 11582 11583 11585 11616 11627 11649 11662 11679 11680 11728 11746 11796 11893 11913 11928 11956 11961 11975 11990 17709 
	}
	manpower=50000
	buildings_max_level_factor=1.000
	local_supplies=0.000
	state_category=town
}
