
state={
	id=12
	name="STATE_12"

	history={
		owner = JEJ
		add_core_of = JEJ
        victory_points = { 15305 30 }
	}

	provinces={
		28 339 478 530 978 1454 1567 2183 2562 2736 3212 3748 4069 4590 4612 5239 5466 5823 5974 6691 7547 7778 8110 8114 8156 8319 8367 8555 8826 8968 9011 9085 9091 9374 9454 9499 9727 15289 15291 15292 15299 15300 15301 15303 15304 15305 15311 15314 15315 15320 15323 15326 15329 15332 15339 15347 15349 15369 15371 15378 
	}
	manpower=445000
	buildings_max_level_factor=1.000
	state_category=large_city
	local_supplies=0.000
}
