
state={
	id=16
	name="STATE_16"

	history={
		owner = CHN
		add_core_of = CHN
        victory_points = { 2627 20 }
	}

	provinces={
		63 381 546 874 1128 1288 1299 1366 1411 1779 1946 2161 2203 2627 2750 2825 3057 3118 3457 3580 3784 4031 4050 4079 4199 4321 4325 4404 4881 4964 5167 5236 5276 5564 5770 6251 6395 6424 6526 6634 6772 6987 7229 7662 8088 8248 9505 9528 10598 10621 10633 10635 10686 10694 10743 10767 10770 10772 10773 10791 10805 10822 10825 10835 10843 10848 10852 10853 
	}
	manpower=380000
	buildings_max_level_factor=1.000
	state_category=city
	local_supplies=0.000
}
