
state={
	id=168
	name="STATE_168"

	history={
		owner = WPK
		add_core_of = WPK
		victory_points = {
			12859 40 
		}

	}

	provinces={
		836 862 931 1647 2451 2933 3107 3303 3485 3533 4051 4157 4903 5262 5303 6293 6379 6575 6642 6711 6798 7246 7429 7671 7909 7928 8161 8504 8803 9058 9250 9331 9380 9560 9743 12751 12761 12766 12768 12769 12779 12783 12784 12787 12794 12804 12808 12820 12823 12824 12834 12839 12845 12849 12850 12857 12859 12869 12874 12882 12909 12921 
	}
	manpower=985000
	buildings_max_level_factor=1.000
	state_category=metropolis
	local_supplies=0.000
}
