
state={
	id=2
	name="STATE_2"

	history={
		owner = CHN
		add_core_of = CHN
        victory_points = { 3365 30 }
	}

	provinces={
		596 723 942 1046 1292 1504 1511 1553 1761 1967 2044 2362 3190 3214 3225 3365 3414 3415 3720 3907 4214 4236 4237 4502 4638 4845 4957 5397 5583 6012 6404 6745 6962 7880 8035 8350 8635 8696 8990 9130 9165 9613 9787 9788 9789 9790 9791 9829 9833 9834 9838 9841 9863 9872 9873 9884 9896 9907 9908 9914 9921 9927 9928 9947 10004 
	}
	manpower=790000
	buildings_max_level_factor=1.000
	state_category=large_city
	local_supplies=0.000
}
