
state={
	id=20
	name="STATE_20"

	history={
		owner = CHN
		add_core_of = CHN
        victory_points = { 8448 20 }
	}

	provinces={
		155 207 279 283 975 1974 2256 2580 2664 2687 2708 2717 2780 2901 3002 3014 3284 3308 3330 4062 4158 4277 4317 4724 4759 4777 5035 5536 5639 5719 5777 6349 6471 6635 6649 6686 6699 7171 7520 7563 7746 7971 8249 8366 8410 8448 8658 9459 9461 10059 10068 10087 10098 10102 10112 10127 10147 10167 10179 10259 10260 10261 10292 10332 10340 10369 10385 10414 
	}
	manpower=395000
	buildings_max_level_factor=1.000
	state_category=city
	local_supplies=0.000
}
