state={
	id=206
	name="STATE_206"
	history={
		owner = WPK
		add_core_of = WPK
        victory_points = { 11695 1 }
	}
	provinces={
		331 591 677 683 717 1010 1041 1729 2500 2557 2591 2634 2771 2804 3560 3977 3997 4562 4717 4866 4882 5290 5308 5503 5565 6111 6437 6596 7519 7582 7609 8136 8224 8305 8393 8447 8701 8771 8782 8825 8886 9095 9403 9583 11558 11564 11590 11639 11664 11665 11668 11695 11722 11763 11769 11789 11794 11867 17708 
	}
	manpower=35000
	buildings_max_level_factor=1.000
	local_supplies=0.000
	state_category=rural
}
