state={
	id=242
	name="STATE_242"
	history={
		owner = OKS
		add_core_of = OKS
        victory_points = { 13469 5 }
	}
	provinces={
		228 256 540 959 1381 1407 1528 1572 1649 2179 2257 2386 2530 2674 3239 3254 3299 3616 3683 3916 4393 4423 4513 4982 5067 5497 5594 6238 6438 6534 6757 7324 7596 7832 8001 8271 8377 8392 8466 8602 8814 9093 9425 13379 13420 13434 13439 13441 13443 13452 13456 13459 13469 13470 13474 13484 13489 13494 13501 
	}
	manpower=70000
	buildings_max_level_factor=1.000
	state_category=town
	local_supplies=0.000
}
