state={
	id=269
	name="STATE_269"
	history={
		owner = HMC
		add_core_of = HMC
        victory_points = { 9493 30 }
		buildings = {
			air_base = 5
		}
	}
	provinces={
		53 233 376 668 669 1195 1337 2086 2170 3267 3376 3660 3681 3963 4137 5159 5259 5782 5999 6443 6532 6814 7260 7367 7800 7829 7861 7892 7929 8140 8196 8372 8761 8823 9039 9040 9063 9192 9338 9433 9493 14173 14193 14201 14215 14225 14229 14240 14244 14255 14256 14268 14270 14275 14284 14292 14294 14296 14297 14306 14311 14315 14319 14320 14346 14357 14365 
	}
	manpower=520000
	buildings_max_level_factor=1.000
	state_category=large_city
	local_supplies=0.000
}
