
state={
	id=27
	name="STATE_27"

	history={
		owner = WPK
		add_core_of = WPK
        victory_points = { 11192 10 }
	}

	provinces={
		75 461 615 1014 1159 1888 2609 2721 3455 3822 3859 4126 4223 4613 5269 5598 5930 6388 6599 6683 6855 7408 7897 7985 8462 8720 8816 8907 9551 11033 11071 11099 11110 11116 11124 11140 11153 11154 11158 11161 11163 11171 11175 11185 11186 11191 11192 11211 11214 11223 11232 11238 11274 
	}
	manpower = 105000
	buildings_max_level_factor=1.000
	state_category=large_town
	local_supplies=0.000
}
