state={
	id=273
	name="STATE_273"
	history={
		owner = ROK
		add_core_of = ROK
		victory_points = { 8954 20 }
	}
	provinces={
		64 272 1476 1991 2409 2515 2550 3005 3155 3213 3495 3557 4013 4155 4460 4511 4561 4564 4712 5495 5706 6090 6333 6565 6806 6810 6912 7290 7593 7618 7619 7626 7700 7923 8080 8093 8125 8750 8759 8796 8954 9120 9561 14316 14340 14356 14362 14368 14375 14379 14385 14388 14397 14402 14405 14410 14412 14413 14420 14421 14426 14433 14439 14440 14442 14448 14454 14455 14480 
	}
	manpower=265000
	buildings_max_level_factor=1.000
	state_category=city
	local_supplies=0.000
}
