
state={
	id=29
	name="STATE_29"

	history={
		owner = CHN
		add_core_of = CHN
        victory_points = { 11128 20 }
	}

	provinces={
		108 469 517 825 878 1165 1201 1298 1412 1904 1919 1960 2332 2695 2802 2845 2859 2873 2939 3237 3277 3335 3400 3461 3537 3666 3884 3995 4531 4616 4821 5214 5355 5502 5688 5940 6123 6235 6317 6627 7039 7284 7744 7847 8057 8171 8459 8621 8834 8863 8910 9145 9370 9375 9779 10869 10876 10913 10937 10954 11007 11012 11014 11019 11065 11078 11128 11138 11145 11151 11209 11226 11264 11279 
	}
	manpower=200000
	buildings_max_level_factor=1.000
	state_category=city
	local_supplies=0.000
}
