state={
	id=292
	name="STATE_292"
	history={
		owner = SIN
		add_core_of = SIN
		victory_points = { 14928 1 }
	}
	provinces={
		175 430 764 1505 1612 1645 2137 2297 3515 3600 4432 5632 6260 6360 6364 6508 7435 7515 7967 8452 9009 9037 9478 9492 9646 14773 14788 14807 14811 14851 14872 14881 14882 14912 14915 14916 14927 14928 14931 14946 14950 14972 14982 14988 14989 14994 14998 15002 15011 15019 15024 15030 15031 15036 15041 15049 15053 15057 15066 15530 15534 15535 
	}
	manpower=45000
	buildings_max_level_factor=1.000
	state_category=rural
	local_supplies=0.000
}
