
state={
	id=32
	name="STATE_32"

	history={
		owner = WPK
		add_core_of = WPK
		victory_points = {
			6377 50 
		}
	}

	provinces={
		508 609 987 1030 2110 2243 2275 2330 2953 2983 3083 3211 3319 3880 4335 4351 4439 4832 5061 5080 5271 5378 5430 5576 5641 6070 6125 6167 6188 6306 6377 6419 6483 6498 6871 6939 7041 7396 7492 7606 7632 7669 7790 8019 8020 8065 8083 8124 8158 8179 8206 8437 8735 8855 9083 9191 9259 9521 9603 12640 12660 12676 12678 12682 12693 12697 12706 12708 12711 12712 12719 12725 12727 12728 12731 12737 12740 12743 12745 12748 12749 12754 12762 12764 12770 12772 12782 12814 12825 
	}
	manpower=2805000
	buildings_max_level_factor=1.000
	state_category=megalopolis
	local_supplies=0.000
}
