
state={
	id=33
	name="STATE_33"
	provinces={
		142 565 738 827 873 887 1177 1266 1290 1386 1687 1787 1924 2291 2405 2446 2546 2988 3311 3914 3993 4052 4078 4338 4912 5075 5112 5294 5470 5634 5978 6032 6038 6373 6469 6518 6959 7370 7644 7754 7854 7873 7925 8119 9013 10310 10331 10336 10358 10373 10391 10395 10407 10424 10428 10434 10437 10481 10484 10485 10487 10492 10496 10515 10549 10551 10555 10559 10578 10581 10597 10636 10642 10704 10754 
	}
    
    history={
		owner = CHN
		add_core_of = CHN
        victory_points = { 1290 30 }
	}
    
	manpower=420000
	state_category=large_city
	buildings_max_level_factor=1.000
}
