
state={
	id=35
	name="STATE_35"

	resources = {
		oil = 75
		aluminium = 2000
		tungsten = 2000
		steel = 2000
		chromium = 2000
	}

	history={
		owner = CHN
		add_core_of = CHN
        victory_points = { 8438 40 }
	}

	provinces={
		66 157 429 436 536 838 956 982 1016 1217 1774 1783 1824 1994 2002 2286 2400 2404 2452 2543 2630 2807 2869 3001 3012 3135 3270 3613 3966 4100 4378 4437 4456 4642 4643 4699 5034 5256 5315 5373 5660 6034 6400 6923 7056 7130 7296 7545 7570 7573 7677 8277 8419 8428 8438 8694 8978 9239 9453 9485 9641 9759 12135 12156 12177 12185 12191 12220 12221 12238 12254 12269 12278 12281 12287 12288 12289 12297 12311 12315 12317 12336 12346 12351 12352 12354 12376 12385 12393 12399 12403 12411 12413 12414 12427 12432 12441 12456 12459 12471 12485 12487 12520 15519 
	}
	manpower=900000
	buildings_max_level_factor=1.000
	state_category=metropolis
	local_supplies=0.000
}
