
state={
	id=36
	name="STATE_36"

	history={
		owner = CHN
		add_core_of = CHN
		victory_points = { 10708 20 }
	}

	provinces={
		1 104 113 198 213 224 343 485 503 539 917 1037 1039 1219 1244 1294 1335 1369 1547 1554 1568 1768 1868 2093 2125 2163 2167 2252 2281 2360 2401 2474 2523 2556 2570 2731 2794 2880 2891 2963 3008 3036 3099 3115 3200 3231 3264 3327 3496 3588 3625 4095 4197 4282 4434 4520 4681 4720 4924 4977 4997 5027 5044 5427 5616 6049 6059 6449 6529 6586 6656 7561 7651 7761 7794 7807 7842 7997 8097 8134 8194 8286 8500 8677 8821 8926 9209 9223 9304 9468 9471 9529 9581 10431 10490 10527 10545 10569 10576 10577 10583 10589 10606 10609 10610 10617 10628 10632 10652 10653 10654 10659 10669 10676 10702 10708 10734 10748 10774 10784 10801 10836 10847 10867 10877 10884 10893 10931 10963 10989 10997 11023 11049 17686 
	}
	manpower=300000
	buildings_max_level_factor=1.000
	state_category=city
	local_supplies=0.000
}
