state={
	id=364
	name="STATE_364"
	history={
		owner = CHN
		add_core_of = CHN
		victory_points = { 11417 20 }
	}
	provinces={
		132 167 229 289 318 514 572 576 632 929 1086 1252 1313 1334 1421 1692 1726 2060 2064 2164 2194 2438 2615 3348 3421 3469 3505 3577 4261 4557 4754 4909 4920 5604 5703 5871 6206 6347 6387 6474 6709 6951 6952 7044 7060 7417 7455 7946 8113 8663 8725 8806 8943 8999 9038 9559 9652 9717 11263 11269 11288 11309 11312 11338 11359 11374 11404 11405 11416 11417 11419 11427 11438 11450 11453 11455 11458 11466 11509 11511 11526 11562 11595 11598 11629 17695 
	}
	manpower=300000
	buildings_max_level_factor=1.000
	state_category=city
	local_supplies=0.000
}
