
state={
	id=369
	name="STATE_369"

	history={
		owner = CHN
		add_core_of = CHN
        victory_points = { 2768 30 }
	}

	provinces={
		109 135 245 457 535 573 588 647 734 750 752 918 923 937 970 1034 1240 1325 1445 1464 1502 1718 1763 1836 1860 1898 1945 1990 2214 2215 2425 2603 2691 2768 2986 2990 3128 3176 3326 3459 3507 3667 3694 4210 4429 4578 4650 4672 4740 4829 5267 5304 5348 5453 5586 5867 5891 6137 6310 6328 6343 6621 6667 6697 6794 6808 6829 6958 7196 7213 7254 7277 7287 7465 7471 7497 7613 7782 8037 8131 8160 8251 8352 8564 8668 8877 8894 8967 9140 9190 9294 9373 9500 9544 11547 11553 11557 11569 11578 11603 11618 11640 11641 11642 11661 11671 11678 11682 11694 11696 11701 11702 11737 11741 11745 11760 11777 11786 11810 11812 11818 11820 11837 11853 11855 11864 11871 11892 11902 11925 11951 11953 11955 11998 12004 12025 12031 12055 15512 15514 17684 17685 
	}
	manpower=440000
	buildings_max_level_factor=1.000
	state_category=large_city
	local_supplies=0.000
}
