
state={
	id=370
	name="STATE_370"

	history={
		owner = CHN
		add_core_of = CHN
        victory_points = { 6793 30 }
	}

	provinces={
		385 396 435 526 1018 1443 1533 1571 1674 1905 1939 2180 2475 2518 2738 2797 2798 2952 4034 4389 4568 4644 5071 5073 5946 5964 6006 6298 6362 6793 6941 6950 7660 7838 8009 8034 8739 8753 8790 9035 9337 9513 9616 12160 12189 12203 12222 12229 12239 12241 12255 12259 12260 12267 12273 12275 12290 12295 12296 12318 12325 12330 12347 12360 12377 15518 
	}
	manpower=640000
	buildings_max_level_factor=1.000
	state_category=large_city
	local_supplies=0.000
}
