state={
	id=376
	name="STATE_376"
	history={
		owner = CHN
		add_core_of = CHN
		victory_points = { 12029 30 }
	}
	provinces={
		231 294 297 466 522 814 965 991 1100 1103 1283 1340 1346 1556 1570 1596 1757 1901 1950 2059 2188 2258 2407 2632 2746 2769 2878 3322 3934 3942 3971 4071 4192 4262 4275 4286 4503 4722 4778 4781 5043 5203 5249 5270 5277 5336 5520 5810 5868 5878 5925 6107 6250 6265 6447 6566 6822 6838 6842 6863 6932 7131 7177 7344 7552 7559 7665 7679 7760 8111 8415 8681 8700 8738 8787 9018 9054 9519 9651 11755 11774 11824 11884 11885 11900 11921 11924 11946 11949 11950 11980 11983 11991 12002 12007 12024 12027 12029 12038 12043 12046 12059 12062 12065 12072 12091 12106 12125 12128 12148 
	}
	manpower=510000
	buildings_max_level_factor=1.000
	state_category=large_city
	local_supplies=0.000
}
