
state={
	id=388
	name="STATE_388"

	history={
		owner = CHN
		add_core_of = CHN
        victory_points = { 4923 20 }
	}

	provinces={
		262 269 453 465 501 698 985 1106 1115 1339 1486 1490 1517 1550 1857 1916 1942 2026 2074 2127 2172 2260 2371 2424 2559 2586 3156 3273 3483 3590 3652 3736 3910 4115 4154 4276 4334 4375 4609 4655 4831 4919 4923 5139 5335 5729 5807 5952 6252 6275 6381 6752 7078 7081 7329 7425 7763 7817 7957 7994 8075 8938 9048 9181 9221 9334 9366 9398 9504 9532 9537 9644 9687 9736 10972 10990 11030 11041 11057 11068 11077 11107 11143 11168 11173 11174 11193 11204 11205 11206 11212 11216 11217 11229 11273 11301 11305 11326 11328 11342 11351 
	}
	manpower=255000
	buildings_max_level_factor=1.000
	state_category=city
	local_supplies=0.000
}
