state={
	id=389
	name="STATE_389"
	history={
		owner = CHN
		add_core_of = CHN
        victory_points = { 5321 20 }
	}
	provinces={
		117 128 562 701 925 992 1005 1333 1359 1410 1475 1563 1730 1748 1852 1883 1913 1986 2355 2454 2502 2536 2597 2805 2874 2920 3102 3177 3234 3244 3546 3708 3717 4270 4330 4394 4397 4410 4464 4486 4743 4902 5233 5321 5690 5809 5916 5977 6171 6172 6302 6323 6487 6664 6972 7022 7641 7768 8053 8289 8670 8695 8752 8843 8909 9126 9240 9350 9395 9452 10594 10656 10707 10713 10719 10732 10751 10762 10785 10792 10806 10817 10818 10826 10831 10834 10854 10862 10865 10880 10889 10894 10898 10910 10924 10926 10930 10936 10953 10962 10965 10983 11047 
	}
	manpower=290000
	buildings_max_level_factor=1.000
	state_category=city
	local_supplies=0.000
}
