state={
	id=392
	name="STATE_392"
	history={
		owner = CHN
		add_core_of = CHN
        victory_points = { 10377 40 }
	}
	provinces={
		6 208 248 273 428 570 816 888 994 1003 1173 1196 1434 1449 1516 1522 1541 1693 1724 1735 1752 1816 1844 1909 1935 1943 2450 2514 2813 2814 2831 2839 2912 3049 3077 3085 3253 3259 3324 3570 3572 3619 3629 3698 3840 3928 4055 4063 4118 4567 4646 4667 4697 4764 4796 4946 5053 5143 5338 5367 5401 5499 5759 5851 6050 6169 6187 6363 6533 6858 6968 7312 7343 7468 7676 7903 7904 8027 8269 8461 8536 8588 8703 8731 8881 9196 9342 9409 9523 9554 9608 9723 9745 9862 9903 9934 9971 10000 10034 10049 10057 10067 10080 10084 10092 10110 10118 10121 10126 10131 10151 10153 10159 10163 10178 10184 10200 10201 10218 10239 10252 10274 10275 10288 10291 10311 10320 10325 10346 10352 10354 10356 10377 10399 10410 10430 10435 10450 10461 10467 
	}
	manpower=1030000
	buildings_max_level_factor=1.000
	state_category=metropolis
	local_supplies=0.000
}
