state={
	id=393
	name="STATE_393"
	history={
		owner = CHN
		add_core_of = CHN
        victory_points = { 10400 20 }
	}
	provinces={
		183 426 518 564 624 759 804 972 1089 1388 1468 1662 1894 1907 2046 2144 2230 2264 2981 3166 3520 3648 3714 3726 3785 4076 4621 4944 5140 5190 5194 5210 5484 6080 6413 6746 7021 7023 7535 7945 7991 8359 8522 8587 8749 9231 9457 10166 10176 10208 10256 10298 10302 10304 10321 10368 10378 10393 10400 10436 10469 10476 10488 10498 10530 10556 
	}
	manpower=350000
	buildings_max_level_factor=1.000
	state_category=city
	local_supplies=0.000
}
