
state={
	id=394
	name="STATE_394"

	history={
		owner = CHN
		add_core_of = CHN
        victory_points = { 4510 30 }
	}

	provinces={
		37 114 472 476 1085 1113 1274 1387 1963 2043 2150 2311 2336 2690 2779 2841 2957 3201 3472 3521 3545 3762 3799 3908 4150 4166 4252 4258 4349 4406 4510 4856 4995 5206 5424 5814 6287 6435 6593 6756 6759 6878 7203 7243 7308 7616 7678 7975 7984 8291 8780 8811 8813 8887 8957 9327 9345 9630 9673 10337 10433 10447 10456 10465 10473 10474 10494 10503 10511 10516 10521 10536 10537 10546 10564 10571 10573 10580 10587 10593 10612 10634 10646 10660 10689 10715 10740 10786 10797 
	}
	manpower=580000
	buildings_max_level_factor=1.000
	state_category=large_city
	local_supplies=0.000
}
