state={
	id=398
	name="STATE_398"
	history={
		owner = CHN
		add_core_of = CHN
        victory_points = { 10416 20 }
	}
	provinces={
		84 173 796 1022 1078 1250 1324 1426 1477 1524 1635 1873 2331 2351 2403 2554 2639 2741 2950 3331 3699 3940 4441 4749 4753 4841 4948 4980 5467 5568 5609 6313 6836 6922 6981 7012 7381 7943 8095 8600 8862 8882 9115 9198 9766 10165 10174 10199 10204 10244 10265 10300 10315 10350 10351 10362 10379 10389 10392 10398 10413 10416 10418 10429 10444 10448 10452 10453 
	}
	manpower=355000
	buildings_max_level_factor=1.000
	state_category=city
	local_supplies=0.000
}
