state={
	id=399
	name="STATE_399"
	history={
		owner = CHN
		add_core_of = CHN
        victory_points = { 2893 30 }
	}
	provinces={
		55 163 464 691 1081 1190 1236 1349 1378 1403 1708 1831 2006 2040 2224 2367 2684 2823 2893 3361 3478 3769 3885 4185 4253 4353 4657 4840 5022 5202 5514 6020 6214 6318 6648 7047 7533 7621 7623 7675 7681 7697 7762 8334 8396 8649 9217 9255 9300 9306 9577 9738 10478 10510 10520 10523 10529 10531 10535 10550 10552 10570 10575 10579 10600 10602 10619 10620 10625 10637 10661 10665 10684 10691 10697 10747 10756 
	}
	manpower=450000
	buildings_max_level_factor=1.000
	state_category=large_city
	local_supplies=0.000
}
