state={
	id=400
	name="STATE_400"
	history={
		owner = CHN
		add_core_of = CHN
        victory_points = { 5160 30 }
	}
	provinces={
		43 56 287 300 983 1091 1327 1666 1803 1823 1850 2241 2304 2310 2423 2493 2496 2542 2551 3089 3105 3248 3310 3391 3531 3691 3767 3882 3915 4044 4110 4127 4281 4320 4420 4634 4776 4862 5132 5160 5169 5257 5283 5311 5328 5365 5547 5742 5845 5884 5953 6018 6124 6232 6390 6459 6619 6706 6761 6763 6830 7073 7092 7125 7239 7251 7376 7601 7652 8006 8189 8546 9030 9556 10679 10700 10718 10723 10739 10750 10755 10769 10775 10776 10778 10796 10804 10809 10816 10820 10829 10830 10832 10833 10837 10850 10851 10858 10870 10883 10917 10927 10940 10945 10946 10955 10974 10976 10988 10996 11003 11005 11026 11037 11044 
	}
	manpower=690000
	buildings_max_level_factor=1.000
	state_category=large_city
	local_supplies=0.000
}
