state={
	id=401
	name="STATE_401"
	history={
		owner = CHN
		add_core_of = CHN
        victory_points = { 5610 30 }
	}
	provinces={
		20 52 91 1226 1310 1914 2245 2567 3163 3491 3586 3645 3695 3712 4583 4789 4807 5118 5135 5360 5461 5574 5610 6330 6350 6425 6681 6724 7422 7489 7576 8290 8820 9081 9201 9477 9657 11043 11064 11085 11100 11113 11114 11126 11137 11148 11159 11164 11176 11179 11187 11196 11197 11224 11228 11261 11285 11346 11377 
	}
	manpower=535000
	buildings_max_level_factor=1.000
	state_category=large_city
	local_supplies=0.000
}
