state={
	id=409
	name="STATE_409"
	history={
		owner = CHN
		add_core_of = CHN
        victory_points = { 2016 30 }
	}
	provinces={
		89 227 281 438 482 770 832 927 1192 1932 2016 2491 2503 2512 2649 2934 2971 2994 3206 3218 3265 3317 3410 3777 3999 4259 4381 4451 4784 5508 5517 5534 5541 5661 5766 6079 6228 6366 6465 6479 6569 6747 6843 7617 7990 8090 8150 8239 8531 9027 9170 9349 9794 9795 9796 9797 9847 9850 9857 9874 9885 9912 9929 9930 9935 9940 9953 9955 9974 9993 10011 10014 10025 10039 10041 10052 10056 10061 10062 10088 10099 10142 17661 17688 
	}
	manpower=470000
	buildings_max_level_factor=1.000
	state_category=large_city
	local_supplies=0.000
}
