
state={
	id=41
	name="STATE_41"

	history={
		owner = WPK
		add_core_of = WPK
        victory_points = { 12012 5 }
	}

	provinces={
		149 641 1179 1933 2187 2197 2465 2479 2509 2566 2925 2949 3178 3196 3325 3345 4933 5129 5475 5518 5687 6114 6189 6295 6405 6414 7001 7222 7451 7915 7969 7996 8029 8069 8081 8132 8154 8431 8469 8565 8632 8643 8675 9106 9153 9161 9245 9379 11753 11775 11787 11844 11863 11875 11882 11887 11898 11922 11923 11957 11959 11969 11984 11987 11996 12000 12012 12015 12058 12066 12094 17710 
	}
	manpower=65000
	buildings_max_level_factor=1.000
	state_category=town
	local_supplies=0.000
}
