state={
	id=413
	name="STATE_413"
	history={
		owner = CHN
		add_core_of = CHN
        victory_points = { 427 30 }
	}
	provinces={
		103 122 146 357 358 427 471 704 719 1083 1129 1215 1308 1471 1473 1561 1650 2207 2279 2956 2959 3065 3315 3763 4263 4355 4529 4647 4799 5004 5284 5813 5985 6134 6253 6383 6558 7036 7066 7347 7523 7733 8066 8285 8406 9234 9265 10209 10214 10231 10322 10348 10374 10383 10425 10442 10449 10457 10463 10486 10522 10526 10540 10544 10565 10566 10567 10595 10631 10647 10675 
	}
	manpower=410000
	buildings_max_level_factor=1.000
	state_category=large_city
	local_supplies=0.000
}
