state={
	id=415
	name="STATE_415"
	history={
		owner = CHN
		add_core_of = CHN
        victory_points = { 5244 30 }
	}
	provinces={
		51 100 587 1096 1544 1610 2096 2124 2271 2460 2783 2833 2908 3368 3504 3855 4370 4428 4687 4985 5041 5180 5244 6026 6597 6818 7407 7522 7706 7824 7859 7876 8190 8380 8494 8529 8584 9188 9658 9659 10240 10289 10316 10333 10380 10387 10427 10445 10451 10462 10468 10493 10541 10568 10582 10601 10643 10657 10682 10695 10730 10736 10766 10798 
	}
	manpower=615000
	buildings_max_level_factor=1.000
	state_category=large_city
	local_supplies=0.000
}
