state={
	id=416
	name="STATE_416"
	history={
		owner = CHN
		add_core_of = CHN
        victory_points = { 7543 20 }
	}
	provinces={
		141 195 373 423 512 732 746 755 1358 2231 2273 2289 2777 2801 2856 2947 3430 3480 4500 4572 4727 4765 4827 4855 5161 5347 5414 5524 5605 6005 6456 6695 6877 7057 7351 7543 7598 8148 8283 8295 8480 8683 8707 8832 8841 8939 8981 10408 10489 10495 10501 10505 10518 10532 10542 10547 10558 10561 10588 10627 10698 10733 
	}
	manpower=360000
	buildings_max_level_factor=1.000
	state_category=city
	local_supplies=0.000
}
