state={
	id=417
	name="STATE_417"
	history={
		owner = CHN
		add_core_of = CHN
        victory_points = { 6930 20 }
	}
	provinces={
		638 687 1032 1045 1049 1063 1157 1275 1392 1418 1462 1538 1677 1742 1839 1842 1977 2021 2076 2129 2344 2547 2789 3100 3137 3151 3547 3770 3837 4036 4188 4314 4421 4718 5516 5593 5619 5656 5665 6476 6551 6580 6661 6824 6825 6916 6930 7090 7366 7395 7419 7604 7659 8058 8301 8582 8920 8959 9026 9068 9214 9219 9415 9475 10613 10658 10674 10678 10680 10701 10705 10710 10714 10721 10741 10761 10763 10783 10808 10844 10845 10855 10863 10866 10875 10895 10899 10904 
	}
	manpower=365000
	buildings_max_level_factor=1.000
	state_category=city
	local_supplies=0.000
}
