
state={
	id=42
	name="STATE_42"

	history={
		owner = CHN
		add_core_of = CHN
        victory_points = { 11934 30 }
	}

	provinces={
		22 129 310 322 374 382 403 492 607 652 654 748 778 797 916 974 1137 1273 1363 1459 1496 1513 1539 1617 1682 1810 1867 1978 2033 2066 2108 2208 2334 2341 2359 2453 2659 2910 3010 3157 3192 3216 3221 3286 3323 3377 3522 3715 3724 3772 3794 3819 3887 3957 4133 4165 4289 4299 4305 4383 4828 4860 4939 4991 5013 5243 5317 5346 5567 5667 5910 5950 6093 6294 6403 6657 6947 6991 7317 7777 7869 8076 8104 8106 8486 8534 8769 8860 9343 9405 9466 9484 9640 11529 11577 11620 11633 11685 11709 11716 11730 11738 11740 11747 11752 11756 11772 11781 11784 11785 11809 11828 11834 11835 11858 11879 11891 11911 11916 11934 11939 11966 11971 11972 11986 12047 12048 12081 12107 12157 12168 15516 
	}
	manpower=580000
	buildings_max_level_factor=1.000
	state_category=large_city
	local_supplies=0.000
}
