state={
	id=420
	name="STATE_420"
	history={
		owner = CHN
		add_core_of = CHN
        victory_points = { 11525 20 }
	}
	provinces={
		145 210 327 500 566 678 786 861 1026 1156 1447 1542 1670 1798 1890 2034 2140 2200 2228 2370 2678 2756 2868 3067 3337 3405 3904 4184 4248 4688 4719 5028 5054 5318 5372 5772 6284 6398 6490 6888 6908 7332 7459 7527 7661 7765 7784 8135 8389 8744 8818 9586 11213 11248 11289 11307 11310 11320 11352 11362 11363 11365 11375 11380 11390 11401 11420 11432 11490 11525 11537 11539 11593 11628 11650 11655 
	}
	manpower=230000
	buildings_max_level_factor=1.000
	state_category=city
	local_supplies=0.000
}
