state={
	id=422
	name="STATE_422"
	history={
		owner = CHN
		add_core_of = CHN
        victory_points = { 3861 30 }
	}
	provinces={
		87 153 185 221 301 516 621 688 766 882 886 1121 1198 1295 1320 1373 1437 1618 1642 1688 2115 2323 2327 2494 2520 2782 2888 2979 3026 3061 3125 3274 3288 3402 3552 3774 3861 3933 3936 4070 4264 4362 4386 4471 4559 4864 4921 5125 5157 5713 5816 5843 5993 6027 6081 6446 7080 7094 7622 7637 7887 8056 8168 8185 8254 8284 8864 9012 9260 9419 9546 9562 9594 9668 9678 9937 9949 9969 9975 9994 10028 10036 10040 10054 10063 10072 10073 10078 10090 10107 10138 10157 10169 10181 10210 10245 10253 10277 10278 10281 10283 10296 10312 10317 10327 10347 10363 10390 10422 
	}
	manpower=505000
	buildings_max_level_factor=1.000
	state_category=large_city
	local_supplies=0.000
}
