state={
	id=427
	name="STATE_427"
	history={
		owner = CHN
		add_core_of = CHN
		victory_points = { 4533 10 }
	}
	provinces={
		82 184 205 390 892 941 943 993 1210 1435 1593 2077 2481 2644 2877 3109 3114 3352 3375 3475 3633 3900 3924 4123 4221 4427 4475 4533 4894 5103 5122 5200 5208 5352 5566 5827 5836 6011 6643 6748 6897 7091 7137 7197 7554 7796 7820 8524 9144 10918 10949 10952 10978 10982 10994 11038 11051 11066 11067 11075 11089 11101 11103 11115 11135 
	}
	manpower=180000
	buildings_max_level_factor=1.000
	state_category=large_town
	local_supplies=0.000
}
