
state={
	id=43
	name="STATE_43"

	history={
		owner = CHN
		add_core_of = CHN
		victory_points = { 1968 20 }
	}

	provinces={
		338 348 460 494 636 995 1011 1112 1120 1276 1357 1713 1734 1863 1869 1947 1968 2195 2244 2337 2375 2631 2948 3020 3388 3511 3685 3768 3788 3803 4336 4932 5084 5193 5253 5261 5854 6176 6434 6457 6601 6942 7043 7070 7135 7612 7704 8109 8270 8497 8608 8614 8827 9015 9150 9412 9620 9627 11233 11240 11257 11270 11277 11282 11292 11329 11379 11407 11413 11418 11426 11449 11452 11457 11462 11463 11471 11488 11497 11508 11521 11544 11613 11624 11632 11634 11654 11657 
	}
	manpower=300000
	buildings_max_level_factor=1.000
	state_category=city
	local_supplies=0.000
}
