state={
	id=430
	name="STATE_430"
	history={
		owner = CHN
		add_core_of = CHN
		victory_points = { 10662 10 }
	}
	provinces={
		593 613 735 834 1079 1271 1644 1820 2041 2177 2325 2457 2469 2693 3072 3122 3481 3503 3583 3857 4091 4273 4364 4668 5093 5337 5489 5589 6060 6261 6620 6784 6954 7100 7134 7166 7333 7757 7954 8831 8912 8966 9090 9199 9247 9568 10396 10420 10458 10477 10479 10572 10626 10662 10666 10724 10728 10731 10744 10757 10765 10771 10780 10828 10846 
	}
	manpower=140000
	buildings_max_level_factor=1.000
	state_category=large_town
	local_supplies=0.000
}
