
state={
	id=431
	name="STATE_431"

	history={
		owner = CHN
		add_core_of = CHN
        victory_points = { 9703 20 }
	}

	provinces={
		39 60 216 253 285 337 350 420 682 685 708 747 761 798 819 957 1000 1031 1142 1194 1233 1243 1322 1395 1397 1432 1540 1558 1875 2061 2067 2095 2107 2343 2353 2361 2414 2415 2485 2619 2637 2657 2719 2751 2772 2907 2931 3034 3353 3456 3467 3530 3573 3781 3812 3831 4005 4084 4156 4196 4280 4309 4333 4348 4372 4407 4446 4538 4563 4608 4870 4876 4962 5036 5078 5116 5147 5297 5380 5383 5546 5629 5664 5812 5892 6058 6154 6259 6291 6297 6393 6606 6658 6662 6870 7189 7342 7507 7603 7667 7717 7718 7731 7732 7787 7924 7999 8107 8166 8216 8259 8321 8516 8567 8605 9367 9611 9703 9724 9976 10060 10124 10145 10173 10185 10196 10225 10257 10285 10345 10355 10360 10366 10381 10382 10386 10438 10459 10491 10499 10584 10596 10604 10614 10667 10668 10672 10687 10688 10692 10737 10788 
	}
	manpower=210000
	buildings_max_level_factor=1.000
	state_category=city
	local_supplies=0.000
}
