state={
	id=432
	name="STATE_432"
	history={
		owner = CHN
		add_core_of = CHN
        victory_points = { 2917 20 }
	}
	provinces={
		131 215 275 315 557 989 1131 1183 1203 1525 1600 1786 1887 1889 1917 2009 2087 2389 2832 2899 2917 2938 2954 3051 3088 3236 3246 3329 3382 3970 4067 4085 4151 4238 4350 4448 4707 4750 4885 5047 5353 5602 6102 6165 6239 6503 6641 6847 7029 7212 7340 7404 7657 7849 8118 8165 8183 8911 9393 9742 9775 10397 10411 10440 10441 10454 10466 10472 10506 10519 10524 10533 10599 10607 10611 10648 10693 10703 10727 10742 10745 10789 10793 10807 10814 10815 10819 10885 10888 
	}
	manpower=210000
	buildings_max_level_factor=1.000
	state_category=city
	local_supplies=0.000
}
