
state={
	id=436
	name="STATE_436"

	history={
		owner = CHN
		add_core_of = CHN
        victory_points = { 9986 30 }
	}

	provinces={
		151 239 276 325 353 370 388 414 415 416 634 649 706 707 795 817 1356 1431 1527 1636 1654 1678 1684 1767 1926 2073 2081 2120 2226 2298 2326 2335 2596 2987 3188 3417 3642 3825 3968 3984 4073 4181 4312 4438 4523 4711 5048 5330 5432 5721 5860 5920 6037 6094 6103 6268 6477 6579 6776 7377 7516 7532 7549 7837 8450 8561 8623 8815 9088 9302 9605 9776 9813 9814 9815 9816 9817 9818 9819 9852 9858 9861 9867 9871 9877 9880 9881 9888 9900 9905 9916 9917 9946 9957 9962 9982 9986 9999 10007 10008 10017 10037 10038 10050 10058 10064 10066 10082 
	}
	manpower=250000
	buildings_max_level_factor=1.000
	state_category=city
	local_supplies=0.000
}
