state={
	id=438
	name="STATE_438"
	history={
		owner = CHN
		add_core_of = CHN
        victory_points = { 9399 20 }
	}
	provinces={
		7 48 137 169 211 290 439 513 661 679 681 860 939 1230 1354 1717 1791 1811 1848 2366 2521 2633 3379 3444 3450 3471 4043 4053 4112 4147 4255 4366 4380 4422 5126 5127 5307 5320 5394 5403 5649 6040 6201 6710 6743 6791 6864 6911 7052 7109 7496 7544 7735 7739 8094 8252 8360 8456 8496 8559 8713 8734 8784 8866 8902 8903 9069 9079 9310 9399 9476 9507 9550 9578 9932 9966 9990 10003 10023 10075 10089 10119 10129 10172 10191 10197 10206 10226 10228 10236 10271 10272 10294 10339 10419 10513 
	}
	manpower=220000
	buildings_max_level_factor=1.000
	state_category=city
	local_supplies=0.000
}
