
state={
	id=45
	name="STATE_45"

	history={
		owner = CHN
		add_core_of = CHN
		victory_points = { 11647 40 }
	}

	provinces={
		152 362 450 521 648 663 1488 1523 1815 1970 2437 2576 2976 3250 3447 3498 3746 3898 4011 4028 4354 4367 4472 4518 4965 5350 5413 5488 5595 5914 6078 6854 7175 7241 7354 7551 7699 7866 8349 8475 8764 8765 8941 9007 9193 9325 9447 11468 11487 11494 11523 11531 11541 11549 11555 11574 11600 11605 11610 11622 11636 11646 11647 11667 11675 11676 11689 11691 11698 11707 11715 11732 11771 11797 11798 11801 11805 11823 11836 11852 
	}
	manpower=1130000
	buildings_max_level_factor=1.000
	state_category=metropolis
	local_supplies=0.000
}
