
state={
	id=486
	name="STATE_486"

	history={
		owner = ROK
		add_core_of = ROK
        victory_points = { 15405 10 }
	}

	provinces={
		65 394 1053 2083 2155 2927 3305 3334 3351 3452 4801 4886 4887 4901 5141 5302 5370 5624 5793 5862 7443 8017 8079 8304 9025 9489 9516 9585 9666 15335 15344 15353 15354 15359 15360 15362 15363 15364 15367 15368 15370 15372 15379 15380 15382 15385 15389 15391 15394 15399 15401 15404 15405 15417 
	}
	manpower=160000
	buildings_max_level_factor=1.000
	state_category=large_town
	local_supplies=0.000
}
