
state={
	id=5
	name="STATE_5"

	history={
		owner = CHN
		add_core_of = CHN
        victory_points = { 8218 30 }
	}

	provinces={
		136 299 333 364 617 823 891 934 954 1007 1111 1126 1164 1184 1185 1237 1545 1659 1847 2072 2113 2168 2182 2316 2445 2604 2723 2838 2863 2977 3011 3117 3146 3171 3180 3203 3243 3313 3393 3409 3416 3601 3716 3776 3839 3850 3865 3866 3874 4030 4204 4212 4575 4582 4592 4601 4615 4617 4708 4766 4808 4949 4959 4973 5019 5088 5340 5343 5368 5386 5409 5433 5597 5615 5671 6099 6118 6264 6301 6352 6452 6545 6767 6837 7103 7211 7328 7387 7630 7696 7713 7965 7989 7993 8044 8070 8218 8314 8433 8445 8615 8829 8852 9118 9359 9386 9600 9895 9904 9913 9984 9996 10012 10015 10021 10043 10044 10047 10069 10076 10079 10093 10103 10104 10108 10123 10128 10130 10132 10133 10154 10161 10170 10187 10190 10193 10211 10246 10247 10250 10262 10284 10297 10305 10329 10341 10343 10349 10359 10365 10370 10372 10403 10404 10421 10446 10480 10504 17670 
	}
	manpower=445000
	buildings_max_level_factor=1.000
	state_category=large_city
	local_supplies=0.000
}
