
state={
	id=53
	name="STATE_53"

	history={
		owner = RUS
		add_core_of = RUS
        victory_points = { 4975 1 }
	}

	provinces={
		47 118 445 505 629 905 1019 1098 1307 1375 1453 1795 1931 1981 1983 2082 2143 2287 2410 2468 2471 2495 2516 2529 2582 2622 2651 2775 2836 2902 3257 3477 3525 3564 3728 3869 4016 4045 4205 4235 4371 4496 4624 4906 4975 4988 5192 5226 5361 5554 5818 5929 5960 5990 6140 6221 6370 6720 6846 7061 7255 7524 7786 7848 8268 8563 8977 9043 9097 9117 9298 9566 9906 9933 9943 9959 9973 9991 10097 10114 10155 10158 10164 10186 10189 10219 10242 10273 10334 10376 10394 10405 10406 10409 10417 10423 10426 10439 10443 10455 10464 10470 10514 10548 10574 10591 10624 10640 17676 17681 17705 
	}
	manpower=35000
	buildings_max_level_factor=1.000
	state_category=rural
	local_supplies=0.000
}
