
state={
	id=55
	name="STATE_55"

	history={
		owner = ROK
		add_core_of = ROK
		victory_points = {
			13548 50 
		}

	}

	provinces={
		23 879 1117 2480 2624 2647 2703 2803 3058 3628 3862 4114 4782 4826 4917 4938 4943 5468 5754 5760 5983 6161 6535 6603 6625 7237 7722 8052 8312 8550 8619 8646 8671 9358 9448 9488 9747 13407 13410 13424 13432 13435 13438 13453 13460 13461 13477 13479 13483 13500 13503 13525 13529 13537 13548 13551 13563 13571 13573 13638 13647 13657 13678 13689 13728 15523 15524 15525 15526 
	}
	manpower=2960000
	buildings_max_level_factor=1.000
	state_category=megalopolis
	local_supplies=0.000
}
