
state={
	id=6
	name="STATE_6"

	history={
		owner = CHK
		add_core_of = CHK
		add_core_of = CHN
        victory_points = { 4897 30 }
	}

	provinces={
		10 42 178 332 400 418 502 547 561 680 697 722 763 831 846 858 868 1158 1259 1264 1272 1409 1458 1474 1555 1660 1691 1744 1751 2015 2121 2151 2221 2237 2350 2436 2579 2606 2626 3016 3024 3035 3194 3252 3296 3346 3390 3534 3622 3734 3808 3899 3937 4061 4105 4141 4170 4182 4279 4461 4606 4633 4737 4786 4842 4897 4905 5018 5155 5281 5324 5473 5670 5773 5788 5799 5959 6051 6057 6073 6209 6231 6485 6652 6671 6749 6789 6856 7152 7157 7270 7449 7530 7851 8255 8751 8809 8849 8876 9183 9455 9508 9625 9710 9755 9810 9811 9812 9832 9842 9848 9851 9883 9891 9894 9898 9931 9951 9964 9965 9972 9985 9989 10002 10013 10016 10031 10045 10046 10055 10074 10094 10111 10113 10148 10162 10182 10194 10215 10237 10266 10282 10313 10319 10328 10344 10353 
	}
	manpower=480000
	buildings_max_level_factor=1.000
	state_category=large_city
	local_supplies=0.000
}
