
state={
	id=71
	name="STATE_71"

	history={
		owner = WPK
		add_core_of = WPK 
		victory_points = { 1982 20 }
	}

	provinces={
		251 689 727 1234 1400 1529 1530 1936 1938 1982 1988 2049 2482 2672 3116 3152 3229 3367 3569 3615 3786 3892 4075 4272 4521 4599 4877 4896 5097 5701 6159 6354 6468 6544 6605 6694 7164 7170 7244 7252 7588 7896 7972 8025 8043 8644 8854 8950 9241 9506 9656 9740 11548 11565 11586 11609 11631 11644 11674 11700 11762 11776 11832 11857 11873 11878 11880 11883 11889 11894 11895 11896 11906 11912 11915 11918 11919 11929 11933 11938 11943 11947 11948 11954 11960 11965 11976 11985 
	}
	manpower = 345000
	buildings_max_level_factor=1.000
	state_category=city
	local_supplies=0.000
}
