state={
	id=75
	name="STATE_75"
	history={
		owner = MSN
		add_core_of = MSN
        victory_points = { 10973 1 }
	}
	provinces={
		168 419 949 1044 1074 1548 1959 2320 2734 2875 3553 4033 4132 5059 5173 5492 5763 6085 6554 6862 7010 7734 8155 8260 9205 9426 9774 10901 10943 10957 10958 10973 10999 11002 11009 11016 11018 11032 11039 11052 11081 11088 11091 11106 11108 11125 11130 11131 11147 11162 11165 
	}
	manpower = 40000
	buildings_max_level_factor=1.000
	local_supplies=0.000
	state_category=rural
}
