
state={
	id=76
	name="STATE_76"

	history={
		owner = WPK
		add_core_of = WPK
        victory_points = { 10629 10 }
	}

	provinces={
		360 837 1652 1711 1979 2001 2159 2348 2444 2985 3512 4194 4301 4357 4387 4391 4692 4730 5227 5251 5479 5572 5733 5820 5980 6151 6385 6760 7181 7186 7207 7227 7383 7747 7870 8797 9268 9495 9688 9758 10388 10412 10460 10497 10500 10512 10517 10525 10554 10562 10585 10592 10615 10622 10629 10638 10641 10644 10645 10649 10670 10677 10683 10711 10712 10738 10760 
	}
	manpower = 155000
	buildings_max_level_factor=1.000
	state_category=large_town
	local_supplies=0.000
}
