
state={
	id=77
	name="STATE_77"

	history={
		owner = WPK
		add_core_of = WPK
        victory_points = { 11058 30 }
	}

	provinces={
		1036 1564 2052 2278 2377 2661 2791 2991 3038 3360 3362 3449 3602 3688 3890 4365 4725 4838 5362 5420 5471 5522 5673 5764 5834 5957 6004 6104 6319 6560 6590 6869 6949 7105 7205 7398 7466 7483 7685 8023 8327 8436 8660 8746 9238 9355 9553 9635 10729 10753 10764 10781 10782 10790 10800 10803 10824 10841 10849 10873 10874 10886 10890 10891 10900 10911 10919 10921 10959 10960 10964 10968 10979 10984 10987 10995 11010 11017 11036 11042 11045 11058 11061 11072 11079 11092 
	}
	manpower = 670000
	buildings_max_level_factor=1.000
	state_category=large_city
	local_supplies=0.000
}
