state={
	id=91
	name="STATE_91"
	history={
		owner = WPK
		add_core_of = WPK
        victory_points = { 8648 5 }
	}
	provinces={
		92 298 455 650 690 711 1104 1127 1171 1497 1664 2147 2234 2699 2847 3896 4274 4696 4748 5089 5445 5498 5504 5835 5972 7055 7187 7338 7360 7362 7748 7987 8051 8091 8397 8443 8648 9084 9174 9184 9396 9654 9686 11198 11236 11239 11252 11260 11268 11271 11280 11287 11296 11298 11303 11306 11316 11324 11325 11335 11336 11340 11341 11345 11348 11355 11364 11366 11368 11369 11370 11376 11382 11383 11394 11398 11410 11425 11435 11483 
	}
	manpower = 90000
	buildings_max_level_factor=1.000
	local_supplies=0.000
	state_category = town
}
