state={
	id=97
	name="STATE_97"
	history={
		owner = WPK
		add_core_of = WPK
        victory_points = { 11831 10 }
	}
	provinces={
		102 580 1110 1338 1498 1584 1700 1864 2089 2254 2467 2749 2790 2844 2918 3136 3179 3222 3226 3662 3871 3930 4228 4239 4661 5406 5456 6194 6281 6494 7013 7108 7540 7913 7981 8004 8994 9576 9629 9699 11625 11656 11669 11687 11734 11742 11744 11761 11766 11783 11788 11795 11800 11802 11825 11829 11831 11849 11861 11877 
	}
	manpower = 105000
	buildings_max_level_factor=1.000
	local_supplies=0.000
	state_category = large_town
}
